
0
-3
13
-6
-2
1
-5
3
3
4
-1
-5
-2
-7
3
6
-4
1
2
7
-7
7
1
-1
-11
2
4
-1
3
-4
9
3
7
-6
3
3
-14
0
-6
5
5
-1
8
2
3
1
-11
5
2
-12
-4
-2
-3
4
-3
2
3
7
-4
1
-4
12
-7
-4
-1
18
3
9
16
5
4
5
4
-5
-8
6
-9
4
8
-2
6
10
-7
-14
7
1
-5
-6
9
27
14
-1
2
8
-2
1
-4
-10
12
12
1
-2
-7
-13
8
-2
-10
-7
-5
-6
2
3
-4
-3
5
0
-7
1
-1
-12
8
-13
5
0
-1
-8
4
-2
-5
-15
1
-1
5
-5
9
0
4
-1
1
-8
1
7
-13
-6
0
-5
-1
-1
1
-4
5
9
7
-8
1
1
-4
-3
-9
-1
2
2
-6
1
-1
-10
5
6
-3
-3
3
1
7
2
-3
0
1
3
5
-6
4
12
8
3
2
14
7
-7
-6
1
-2
7
1
3
7
-6
6
5
-3
-13
-1
-7
-4
3
-5
-9
-4
-7
0
-1
-2
-2
0
-8
2
5
14
11
6
4
-8
-1
4
0
-2
5
9
0
9
-1
-5
-1
-2
-5
0
-3
-1
4
-4
0
-3
-7
4
-8
11
-3
1
-5
-17
2
-3
-2
-1
3
-11
1
-4
9
6
-2
-1
4
8
-3
1
-6
9
1
-1
-17
-5
0
3
1
7
14
7
-13
-4
8
-3
-5
12
8
4
-12
5
19
3
-8
1
-5
8
1
-14
10
-2
-6
6
2
-2
21
-3
0
-1
13
0
7
-8
0
-8
6
-2
-2
1
3
-8
-12
6
1
8
1
-1
-9
11
6
2
-1
0
0
13
11
-14
-2
-9
4
14
14
-3
-10
-13
1
3
-4
-3
2
3
-7
-2
1
-7
-2
-12
-6
1
-5
-3
-15
14
-4
7
-10
-4
5
0
-6
6
5
9
7
13
4
-7
-2
10
-9
-3
1
-1
-16
3
-24
2
2
-4
11
12
0
-5
-4
-4
-1
-6
-3
0
-4
8
15
9
7
-20
4
3
4
12
2
3
-7
-10
-1
-4
-1
5
10
-5
0
-5
14
-2
-4
-11
-15
1
-1
12
2
-4
2
-12
-6
6
-2
-15
4
-2
1
-16
-3
6
4
1
-13
-3
1
-9
9
4
0
1
-4
9
-5
5
6
-3
1
0
-1
19
-12
14
7
-9
-7
-6
3
3
0
-9
11
4
-15
7
6
3
-3
2
-2
2
8
3
3
3
-4
0
-2
10
-8
-7
8
4
-5
-7
6
-1
3
10
21
13
0
1
-5
11
2
8
2
-6
-5
-11
9
-3
-1
1
-2
-12
15
1
3
-2
-12
1
-6
3
-2
7
0
-3
-3
1
-10
-16
-2
-1
0
1
5
5
4
17
-4
-3
-4
7
13
1
-4
7
-4
-18
-5
2
1
-6
-12
-4
0
-3
-1
-16
1
4
1
-4
2
12
-1
1
5
6
-5
-3
-1
-17
-3
0
-3
-1
-5
6
7
5
0
-3
9
20
-2
7
3
-2
2
-4
1
6
-4
-10
8
3
8
5
12
6
-13
3
0
2
3
4
2
0
-11
9
-1
8
-1
8
-4
-10
-8
4
2
-5
-8
3
0
-6
-2
7
0
1
-5
-2
-10
-5
2
-5
-13
9
-2
-3
13
0
-5
2
-3
1
1
0
-3
-12
-5
-11
-9
5
2
-8
-8
-4
9
-10
5
2
2
10
-14
-5
-6
14
12
-6
4
-4
-13
-1
-3
-13
7
-2
8
3
-7
-8
18
1
-11
-4
-6
4
4
6
0
7
7
-2
10
-3
6
1
10
-10
-9
-2
2
-3
1
-10
-2
2
11
-17
-6
6
0
10
9
-4
16
0
-5
-8
-9
-4
-7
1
-4
12
-1
10
-3
-6
-6
9
-11
6
-1
1
4
10
5
-5
5
-6
16
0
0
2
1
-8
4
-7
1
-13
-1
4
10
6
-5
6
1
-6
2
3
-6
8
4
20
4
0
-14
-3
-1
-3
8
1
-1
-3
16
1
6
13
1
-2
0
4
-8
-3
-16
1
6
8
4
9
8
5
8
0
-1
0
7
-6
-3
11
2
2
8
0
-5
3
0
5
-4
1
0
-15
-5
2
-15
7
-14
-8
4
6
11
0
3
1
-2
-3
-8
-9
-7
4
2
7
2
-9
-11
-2
-15
-5
0
-5
-7
-3
-10
3
-1
-13
8
2
5
-1
-1
8
-6
1
3
0
-6
4
11
-4
9
5
8
-6
-3
-1
-23
9
9
2
6
-18
4
-6
-9
0
2
-6
1
-10
5
11
12
-1
-9
-10
3
8
-12
2
-4
-7
10
0
8
-4
3
-4
-13
-16
-23
6
0
8
1
5
8
-9
0
2
-12
-12
12
1
-8
0
-5
-19
0
2
4
-7
0
-1
-7
-11
13
2
12
-11
-4
9
-8
-3
-6
-1
-1
2
2
2
-5
-5
4
4
-1
1
0
-15
2
-11
2
-1
2
3
-4
-1
8
-5
-6
-13
1
-5
4
-1
1
1
9
7
1
-1
-8
1
-8
-4
14
8
-8
2
-4
4
2
-4
0
1
-7
3
2
15
-10
5
-3
-1
2
-4
-10
-7
-5
-7
-2
-6
-2
-4
0
-5
-12
-3
-4
3
5
-12
-9
3
14
-1
5
-5
-9
-3
-2
-13
0
4
-9
-1
-14
11
2
0
-1
-5
-17
-7
-17
-7
-4
-1
4
4
6
8
12
2
-2
1
2
6
2
-1
-6
-2
-5
-12
6
10
-4
-1
-12
6
-4
-5
16
5
-2
-3
11
-2
8
3
2
-3
-4
-1
-14
6
2
3
-2
6
16
-6
-1
1
-3
6
-2
-11
2
10
-13
14
-5
2
-5
8
-11
6
-8
-16
2
-8
3
15
9
7
-3
-3
9
6
-7
7
-10
9
10
7
-8
4
6
1
-6
11
-12
-2
-2
1
0
12
-9
-1
5
0
-4
-9
0
0
11
6
-6
4
11
0
-3
7
-10
3
-3
-2
-7
9
0
3
7
4
-11
5
-4
-3
2
2
6
-10
-15
3
9
-11
-1
-2
-13
0
18
-12
-5
7
2
2
-2
-2
4
4
8
9
-1
13
11
-4
13
3
2
-1
-6
-7
3
-3
-13
-6
4
-3
-6
-14
4
4
-1
7
4
3
9
1
-7
9
-1
-2
-1
2
0
-11
-2
5
-8
14
-7
9
-2
-2
-8
1
-9
6
1
-5
-3
-2
5
-2
-3
-11
-9
-9
-8
-5
3
-3
8
-8
5
1
-8
-2
2
-4
-7
2
-9
-4
-9
-7
-14
3
-6
-4
6
7