-1
5
3
5
2
0
-2
-7
-6
-4
-6
-1
-4
-3
6
1
-3
8
-1
1
-4
-5
1
-5
0
-17
-4
1
-9
-4
7
-7
1
-1
-6
12
1
7
-7
12
-4
13
-2
9
2
5
5
12
-5
5
11
-5
-1
0
-11
1
-3
-5
4
0
2
-5
-2
6
3
-8
-9
-14
8
9
4
-9
4
2
-7
-3
3
2
-2
15
-9
8
3
-4
-3
7
8
9
-2
-4
7
4
-10
0
-6
-2
-13
7
12
5
11
4
-1
2
18
-5
4
8
-9
3
2
-3
10
1
14
2
9
-4
1
0
-11
-10
0
-9
-1
2
0
14
-1
5
0
-5
4
-6
-9
8
6
8
1
0
-8
-2
-9
-1
11
5
-1
13
0
4
-8
-1
6
3
-8
10
7
11
-5
-9
-8
3
4
2
5
8
-6
-10
5
4
1
10
2
-5
1
1
2
8
-4
11
2
-7
-6
11
1
0
13
-3
-3
5
-3
6
0
-4
1
8
3
-3
-6
-4
5
-2
13
0
6
13
-9
-8
3
-4
0
-13
-6
10
4
2
1
-10
7
0
3
1
-1
-6
-5
-5
-6
-11
-7
-10
11
-2
2
-4
-2
-1
8
-5
-2
-5
10
9
-11
-6
-10
-2
-1
1
-6
8
5
3
-10
-3
-3
9
0
-11
2
0
19
5
5
0
-5
5
4
1
2
5
-3
11
-1
-1
-8
-13
6
-9
6
0
-9
-3
1
-1
0
-3
-6
1
8
-12
-2
-3
-4
5
6
3
11
-8
15
-3
-5
-7
-3
3
-7
-7
11
-1
-8
-10
0
-1
-1
-11
6
-9
-8
-14
9
-16
2
-3
-3
-17
-7
-18
3
-5
6
8
4
2
9
-3
0
4
9
-2
-5
-3
-2
-5
3
-2
-1
5
6
-7
-6
-8
6
7
-4
-3
-7
10
-1
4
-17
-5
-6
-15
-7
-5
4
-3
-9
-1
2
0
2
8
-2
5
8
1
-3
3
-2
12
3
12
3
0
-3
-3
14
2
-7
-6
18
-3
-8
-10
1
8
0
10
6
6
0
-8
-2
-6
-11
-7
2
-1
-2
-10
5
-5
8
-14
-5
-8
2
-13
6
-6
1
4
-5
-3
-5
-3
1
9
5
-4
8
-6
5
4
13
-5
-13
-8
-5
-16
1
11
1
6
-1
6
0
-12
5
-2
6
-7
1
-7
-1
8
-1
17
-3
-4
4
3
3
-4
1
1
-2
5
-3
-1
4
5
-2
1
-5
-5
-9
-4
3
8
2
-4
5
7
4
6
10
-2
-1
6
-3
2
4
-5
11
5
15
8
-13
2
-2
13
5
13
16
15
-4
10
-15
10
2
-7
-6
1
3
-2
-8
16
10
13
-10
-1
1
2
-6
-2
0
9
-1
-2
4
8
-1
-4
3
3
-9
-3
-2
0
5
-9
-1
10
4
4
5
12
18
-1
9
-19
3
-19
-7
-1
2
-2
-2
7
-8
9
13
10
8
-1
0
-3
-4
-6
-3
1
-6
-1
-2
2
9
1
1
9
2
-3
4
5
-7
-3
-1
7
-3
7
-1
4
-6
6
12
3
2
-1
5
3
-12
5
-4
-8
-2
3
4
-12
1
7
4
7
-3
-15
8
6
-4
-10
-2
-1
-4
4
1
-3
-1
-1
-6
24
-2
-9
-4
17
-1
-11
-1
-1
-2
5
-9
6
-2
0
2
2
-8
-2
-3
0
5
-6
-4
-2
-1
7
1
-8
-2
-2
4
1
9
4
0
-13
3
-3
-2
0
4
2
-14
-8
-1
6
16
2
-4
1
17
-7
18
6
-3
-1
-2
-14
-1
-3
-10
-14
-2
1
19
6
9
-12
1
-1
14
-7
-3
4
-4
-5
-7
7
3
-8
-10
-12
9
-5
-2
-3
-4
7
8
3
-23
1
-6
-5
7
-4
-8
0
-2
-6
-1
7
6
9
-12
-7
6
-6
5
4
-10
-11
-6
-16
-1
-4
5
0
-2
-5
-3
-5
-8
-5
-3
1
5
-5
-3
-15
-1
-3
-14
-9
-3
0
0
-6
8
6
-12
6
-12
-3
-7
3
4
-2
-2
-2
2
11
9
-8
8
-5
-7
-1
7
-1
4
3
-4
8
1
1
-9
-12
-1
-9
4
-3
1
-4
10
4
-5
6
6
6
-7
-2
-6
9
3
-5
12
-2
-4
11
-1
4
1
-4
-11
9
6
4
0
2
2
5
0
1
2
3
1
-5
5
-8
-4
0
-2
6
0
0
-9
9
0
3
2
-3
-4
-8
-14
1
-1
1
1
6
2
-9
6
7
-4
7
5
2
0
2
-1
0
5
0
4
5
3
-11
7
14
-20
-2
10
7
2
-4
-5
16
4
-2
-1
17
0
-8
-4
6
-1
6
-8
10
-1
-5
4
-10
-7
5
-2
-11
0
3
14
-1
0
3
0
-8
-3
-8
-6
-1
-5
2
6
1
-6
1
-12
-5
4
-8
10
0
11
-8
4
-9
1
-6
-4
0
1
-1
4
17
7
-7
1
-8
-3
4
-4
8
19
-8
0
-3
-1
4
7
1
3
2
7
7
0
-9
11
7
3
0
0
-4
-3
5
1
-4
5
13
5
3
-4
4
-5
2
-8
7
7
-4
1
3
0
8
4
10
-3
-6
-3
3
-2
2
1
-1
-4
-8
3
1
4
7
-2
-1
-8
6
-12
8
-1
12
-10
14
8
-6
-5
4
-12
-3
5
-10
-2
-7
1
3
6
1
2
11
-3
13
-4
-12
0
5
6
6
3
-3
-3
-6
7
-4
-5
-1
3
-16
2
4
-4
2
9
-17
-8
0
4
-12
-22
0
-4
0
-4
19
7
2
-6
0
15
-6
10
-8
7
2
-5
-1
-8
-3
-2
-8
2
9
-4
10
8
0
2
10
1
9
-5
3
8
7
-16
-2
-3
0
13
-5
-5
-1
-1
7
2
10
-1
11
6
5
2
10
-6
15
7
0
-10
-12
-11
18
-2
8
1
2
3
0
23
-12
2
-7
8
0
4
2
-4
5
2
1
-13
-3
7
-1
3
4
-2
8
16
-2
0
9
1
6
1
13
-8
-17
-5
3
5
5
5
4
-5
8
6
4
11
5
-1
-14
0
9
7
1
-5
7
4
-11
2
-3
1
-11
-3
-2
-13
-2
1
-1
9
-9
-15
-15
7
-5
-11
-4
-3
0
-2
-7
-7
-6
-2
9
-9
8
2
-8
3
4
0
-5
-5
1
-1
11
12
0
9
9
-3
-6
-5
0
0
0
3
-3
-3
-2
8
-3
1
3
-9
-1
2
7
10
8
-3
1
-3
6
11
1
-5
-10
-6
4
12
1
10
-9
-11
-4
0
8
-8