5
8
-5
7
-4
5
-8
-4
-2
3
1
6
-1
-10
11
-11
0
-13
-1
-7
5
-4
4
5
6
-21
-1
5
0
-1
-6
2
13
-2
-3
0
-6
2
-8
11
0
-4
19
4
-1
-3
-7
12
-3
-21
-3
-9
3
13
-6
-4
-14
-4
12
4
2
-4
-6
17
-14
19
2
2
2
2
2
-1
1
2
4
1
4
-11
-2
7
8
-9
-1
-4
-8
5
2
17
7
1
-11
-7
4
-4
-4
2
4
15
-3
-1
4
-1
-2
4
-7
4
9
-3
4
-8
0
-13
1
1
7
-3
3
-11
-7
-15
3
0
-9
5
-6
4
-6
15
9
15
2
0
-2
-18
4
4
0
7
-3
1
4
5
0
-7
3
-1
1
6
0
2
-6
-3
8
0
-3
2
4
-8
2
-11
-1
-2
-8
-8
-4
-4
-4
-8
-10
14
2
2
-13
3
4
-14
6
11
0
7
-2
0
-11
-7
13
-13
4
-1
-2
1
6
7
-9
3
-3
-8
6
-4
6
4
-21
-4
-5
-10
-4
15
9
10
-3
1
2
-4
-5
15
-2
-1
-4
6
0
12
-4
-4
-3
-3
-6
4
6
11
-11
-3
4
0
2
-1
9
-9
2
12
-5
-7
-6
6
-4
-12
-8
18
0
-7
0
0
0
4
-10
-4
14
3
-1
-1
-2
9
-8
-5
9
-2
1
-1
-7
2
-6
-8
-4
-7
-3
2
7
-6
-2
0
-7
-2
-15
-4
-10
-2
12
-16
-7
-3
0
-13
-6
5
-3
-4
-4
14
4
1
1
10
-7
-2
3
-1
12
8
3
-4
3
1
-4
7
0
5
-1
7
0
14
6
-3
-2
-10
3
4
2
4
-20
4
1
4
12
-5
-7
9
5
-1
-9
-13
2
3
8
-3
-3
-12
-2
3
-6
1
6
0
7
-6
-1
7
11
-9
3
-6
-9
-9
-7
-6
8
14
4
-4
4
-14
8
-2
-3
-4
5
7
-2
7
0
1
-1
4
-2
-1
0
0
-8
-1
-3
-7
4
2
11
-3
-2
3
10
7
10
-3
-2
10
5
-6
9
-2
6
-2
-8
-12
8
-6
-2
-7
-15
10
6
0
4
-5
10
4
-4
-4
10
2
-4
1
7
-5
0
-5
-1
3
0
0
6
-5
-6
1
-6
1
-1
5
-3
20
3
-15
-12
1
13
1
6
1
-5
1
-2
5
-4
3
-2
-3
-5
-15
2
7
-4
-3
2
1
-8
-2
-10
-6
3
9
7
-1
-9
3
12
-18
1
-3
5
-2
-6
9
4
2
0
4
16
-5
0
0
-3
-13
2
3
2
-4
0
-16
-1
6
-8
10
-7
-1
-3
5
-5
-10
4
-2
0
5
-11
-14
-10
12
1
-8
-1
2
-11
4
1
7
4
2
1
0
-6
3
9
12
1
4
-4
9
2
-4
4
9
8
7
-5
0
-6
18
12
-2
-3
-15
8
-6
-10
5
-13
2
6
10
-9
3
-8
-5
6
11
-12
17
0
-7
-2
0
-1
2
-3
1
-14
1
-8
-10
7
-2
-4
0
1
-16
1
-1
-4
3
7
0
-9
4
-3
-5
-8
-3
-2
-1
-7
-11
-3
4
14
-5
-8
10
-4
0
7
-1
1
-4
2
3
9
2
4
3
-23
-4
0
10
-12
5
1
6
22
5
-14
-8
4
-3
-2
4
2
0
-4
-1
4
-5
21
-1
-1
-6
-1
-2
-1
13
-1
1
4
-10
-4
4
-21
0
0
-9
0
-8
0
-12
-7
-5
1
1
-12
2
1
-7
4
6
1
13
-4
-10
-6
-3
-3
-14
-14
-7
0
3
-1
4
0
-2
7
-19
-6
-4
-9
-13
-1
11
-1
12
-9
2
-6
2
-7
2
2
0
3
-3
-10
4
3
-21
-10
-10
-8
-8
0
2
-1
0
0
-7
-4
11
5
7
-1
-6
-2
-7
-4
14
9
2
10
8
8
-5
1
-2
6
1
3
0
-6
4
3
-3
-8
6
-2
-5
5
5
-5
12
5
-8
5
-12
-10
4
-11
3
0
-11
5
6
-2
11
-3
3
-8
1
-12
-2
-6
-12
-1
-17
-5
1
0
9
-16
6
4
-10
-3
5
3
7
-1
0
2
1
-3
8
-18
-5
16
3
5
-3
-14
5
-6
5
-1
11
5
14
3
1
-4
-1
-10
-2
10
3
2
5
6
-11
-13
-3
2
0
4
-17
1
-11
-18
-1
2
-10
1
-4
1
3
-4
2
4
-1
-8
-1
-7
-1
6
-2
1
20
-4
-5
-8
-9
2
13
-8
-3
-1
-6
1
0
-8
4
-5
2
1
-10
5
2
-7
0
3
-3
-8
1
5
-5
-17
2
-12
3
11
-14
9
-2
-9
9
-8
-9
3
-2
6
3
-12
-10
-12
1
1
-9
-7
2
-2
0
2
13
2
9
-14
-8
-6
-6
-5
5
0
-8
-3
-9
0
9
5
3
-15
-2
5
-5
3
-5
-4
-11
-2
-1
2
-17
-10
-11
-14
8
-3
9
-2
8
3
-2
-2
12
-4
10
7
5
1
3
7
1
9
-5
6
-1
3
-1
3
-1
6
-5
3
1
0
-7
2
-5
5
-8
-1
4
6
-10
4
5
-1
4
8
-7
8
2
-5
-9
10
8
-11
1
3
6
-5
-9
-1
-2
-2
2
3
8
-8
-12
-5
-4
1
-5
-4
9
-7
-5
16
-1
9
2
-7
2
2
1
-13
6
0
-3
12
5
-4
7
-11
-4
2
0
-1
-3
1
-13
1
-9
-5
13
-5
6
8
2
-2
-3
-14
1
-11
8
3
12
-7
-5
1
-2
-2
-6
-1
-9
-17
-2
10
-17
-3
-10
1
-8
14
-1
-4
16
2
-3
-11
-14
7
-5
1
-2
-11
1
-4
2
-3
-10
5
-1
4
1
1
8
0
5
13
9
-1
-4
10
-11
6
13
1
5
24
6
-7
14
-1
2
-3
-4
4
3
-10
0
12
15
12
10
-11
-9
-28
8
4
-4
0
8
0
-6
-2
-11
2
11
14
11
-6
-7
3
-7
5
11
1
-2
-9
10
-11
3
3
15
-1
-2
-4
1
-12
6
5
2
0
-2
-5
3
1
6
11
6
1
3
0
5
5
7
21
-1
-8
-2
-14
-1
5
-2
-2
-9
-1
11
-11
-5
7
-5
-1
11
2
9
-4
0
7
-12
0
0
0
14
-3
-4
-8
-1
-1
0
-2
-1
7
-1
5
-4
4
-5
9
9
5
-1
-13
6
-1
-5
5
-1
1
-2
5
-10
4
-15
-1
6
-9
-2
6
-4
4
8
-1
-2
1
-7
1
-7
3
2
-9
-7
-9
-4
-10
4
-15
4
-5
1
1