4204.198473
3104.085603
4752.61324
4752.61324
4695.121951
3501.953125
4760.344828
2093.75
2093.75
4792.682927
4687.919463
2093.75
4760.344828
4687.919463
4695.121951
4786.713287
4760.344828
3772.200772
4766.666667
4743.103448
3764.59144
4695.121951
4695.121951
3791.505792
4676.174497
4695.121951
4676.174497
3447.470817
4040.29304
4715.986395
3501.953125
4763.986014
3501.953125
4760.344828
4743.589744
4676.174497
3501.953125
4763.986014
4766.666667
3772.200772
4793.706294
4676.174497
4786.713287
4763.986014
4786.713287
4743.103448
4695.121951
4743.103448
4040.29304
3104.085603
4763.986014
4766.666667
3501.953125
2093.75
4760.344828
2847.65625
4676.174497
4766.666667
4467.391304
2093.75
4766.666667
4760.344828
3501.953125
3104.085603
2847.65625
4695.121951
4676.174497
4204.198473
4743.103448
3447.470817
3772.200772
4760.344828
4752.61324
4766.666667
3981.949458
3764.59144
2847.65625
2093.75
3104.085603
4786.713287
4792.682927
4204.198473
4040.29304
4743.589744
2847.65625
2093.75
4743.103448
3501.953125
3764.59144
3772.200772
4752.61324
4786.713287
3772.200772
4743.103448
4752.61324
4695.121951
3501.953125
3764.59144
3104.085603
4760.344828
4763.986014
4709.897611
4792.682927
3772.200772
3501.953125
4743.103448
4763.986014
4743.103448
3981.949458
4743.103448
4676.174497
4786.713287
3791.505792
4752.61324
4242.474916
4687.919463
3981.949458
4163.461538
4687.919463
3981.949458
3764.59144
2093.75
4207.54717
4793.706294
2847.65625
3447.470817
4760.344828
4695.121951
3772.200772
3772.200772
3501.953125
2847.65625
4763.986014
4763.986014
4695.121951
4784.386617
4760.344828
4786.713287
3791.505792
3772.200772
3447.470817
4792.682927
3772.200772
3501.953125
4760.344828
4752.61324
4695.121951
4760.344828
4774.907749
2847.65625
3501.953125
3791.505792
3501.953125
3764.59144
4790.20979
2093.75
4766.666667
3764.59144
4786.713287
4766.666667
4163.461538
4752.61324
2093.75
4676.174497
3501.953125
4766.666667
4760.344828
3104.085603
3791.505792
4040.29304
3981.949458
4687.919463
4792.682927
4792.682927
3981.949458
4743.103448
3981.949458
3104.085603
4752.61324
3791.505792
4752.61324
4040.29304
4676.174497
4676.174497
4743.103448
4766.666667
4695.121951
4792.682927
3104.085603
4766.666667
4695.121951
4366.782007
4204.198473
4763.986014
4752.61324
4786.713287
3447.470817
3104.085603
4695.121951
3501.953125
4766.666667
4695.121951
4763.986014
4709.897611
4790.20979
4676.174497
4743.103448
3791.505792
4695.121951
3764.59144
4743.103448
4676.174497
3447.470817
2847.65625
3764.59144
3764.59144
3791.505792
4709.897611
4766.666667
4687.919463
4695.121951
4695.121951
4752.61324
3764.59144
4766.666667
4185.873606
4752.61324
3791.505792
3764.59144
4676.174497
4752.61324
4766.666667
3104.085603
4766.666667
4786.713287
3447.470817
4743.103448
4743.103448
4743.103448
4185.873606
2847.65625
4317.406143
3104.085603
4715.986395
2093.75
4695.121951
4687.919463
4743.103448
4695.121951
4695.121951
4766.666667
4763.986014
3764.59144
4752.61324
4760.344828
2093.75
2847.65625
3447.470817
4695.121951
4709.897611
3791.505792
4687.919463
4756.554307
4792.682927
3764.59144
4163.461538
4820.754717
3501.953125
4695.121951
4676.174497
2847.65625
4743.103448
2093.75
4786.713287
2847.65625
4207.54717
4752.61324
4793.706294
4752.61324
4793.706294
4766.666667
3447.470817
3981.949458
2093.75
4207.54717
4793.706294
3501.953125
4786.713287
4766.666667
4760.344828
3981.949458
4040.29304
3764.59144
3104.085603
4743.103448
4760.344828
4792.682927
4204.198473
3791.505792
4786.713287
4207.54717
4792.682927
3916.666667
3772.200772
4743.103448
3772.200772
3764.59144
3447.470817
4763.986014
3104.085603
4760.344828
4793.706294
3772.200772
4676.174497
3791.505792
4752.61324
3772.200772
4743.103448
3104.085603
4786.713287
4366.782007
4760.344828
4790.20979
4040.29304
4766.666667
4766.666667
4766.666667
3104.085603
4790.20979
3104.085603
4303.754266
4163.461538
3104.085603
4752.61324
3791.505792
4792.682927
4763.986014
2093.75
3501.953125
3791.505792
4763.986014
4760.344828
3501.953125
4695.121951
3501.953125
4766.666667
4763.986014
4676.174497
4763.986014
4766.666667
4207.54717
4664.42953
4040.29304
4695.121951
4709.897611
3916.666667
4752.61324
2093.75
3104.085603
4760.344828
4763.986014
4695.121951
4784.386617
4763.986014
4766.666667
4687.919463
3791.505792
4760.344828
4790.20979
2093.75
4752.61324
3791.505792
4763.986014
2093.75
4752.61324
4743.103448
3764.59144
4786.713287
3764.59144
4760.344828
4766.666667
2093.75
4760.344828
3501.953125
4695.121951
4760.344828
3447.470817
4766.666667
2847.65625
4760.344828
2847.65625
4786.713287
4766.666667
4786.713287
4760.344828
3772.200772
4676.174497
4743.103448
2847.65625
4752.61324
2847.65625
4683.673469
4792.682927
3104.085603
4752.61324
4709.897611
4715.986395
4763.986014
4790.20979
4760.344828
4204.198473
3764.59144
4695.121951
4786.713287
3772.200772
4763.986014
4676.174497
4687.919463
4676.174497
4715.986395
4771.062271
4793.706294
4766.666667
4792.682927
4695.121951
4763.986014
3916.666667
4792.682927
4715.986395
4664.42953
4207.54717
4766.666667
4766.666667
4715.986395
4792.682927
4771.062271
3104.085603
2093.75
4206.10687
3447.470817
4763.986014
4709.897611
4687.919463
4687.919463
4204.198473
4763.986014
4695.121951
4752.61324
3104.085603
2093.75
4752.61324
4766.666667
4163.461538
4793.706294
3447.470817
2847.65625
4676.174497
4786.713287
4242.474916
3104.085603
4204.198473
4784.386617
4207.54717
3772.200772
4743.103448
4752.61324
3501.953125
4695.121951
4695.121951
4760.344828
4695.121951
4743.103448
4163.461538
3764.59144
4792.682927
4752.61324
3772.200772
4793.706294
4786.713287
4786.713287
4766.666667
4040.29304
4687.919463
3104.085603
3981.949458
4676.174497
4763.986014
4793.706294
3764.59144
4695.121951
4695.121951
4676.174497
4695.121951
4695.121951
3772.200772
2093.75
4709.897611
3447.470817
4636.029412
3447.470817
4752.61324
3104.085603
4766.666667
3772.200772
3447.470817
2093.75
3104.085603
2847.65625
4664.42953
4766.666667
4786.713287
4760.344828
2093.75
3772.200772
4792.682927
3791.505792
4766.666667
4763.986014
4676.174497
4752.61324
4763.986014
4695.121951
4752.61324
4687.919463
2847.65625
4206.10687
4790.20979
2093.75
4763.986014
3501.953125
4687.919463
3981.949458
3447.470817
4792.682927
2847.65625
4763.986014
2093.75
4709.897611
2093.75
3772.200772
4766.666667
4763.986014
3447.470817
4163.461538
4695.121951
4743.103448
4760.344828
3104.085603
3764.59144
4752.61324
3104.085603
3104.085603
4676.174497
4743.103448
4760.344828
4204.198473
3501.953125
4687.919463
3772.200772
4743.589744
3772.200772
3764.59144
3447.470817
4760.344828
4676.174497
4743.103448
4760.344828
4793.706294
4683.673469
4687.919463
3447.470817
4752.61324
4664.42953
4752.61324
3772.200772
4763.986014
2093.75
4763.986014
4786.713287
3501.953125
3772.200772
4695.121951
4763.986014
4752.61324
4790.20979
2093.75
4683.673469
2093.75
4687.919463
4676.174497
2847.65625
4695.121951
4763.986014
4715.986395
3104.085603
3447.470817
4743.103448
4763.986014
3447.470817
4766.666667
2847.65625
2847.65625
4317.406143
3981.949458
4715.986395
3764.59144
4206.10687
4766.666667
4790.20979
4683.673469
4206.10687
2093.75
4752.61324
4687.919463
4760.344828
4695.121951
4185.873606
4793.706294
4792.682927
3104.085603
4676.174497
3104.085603
2847.65625
4760.344828
4743.103448
4763.986014
4793.706294
4752.61324
3447.470817
3104.085603
2847.65625
4766.666667
3501.953125
4687.919463
4752.61324
3447.470817
4786.713287
4207.54717
4760.344828
4743.103448
4743.103448
4792.682927
4752.61324
4695.121951
4695.121951
4786.713287
4763.986014
4752.61324
4766.666667
4793.706294
4760.344828
3981.949458
4760.344828
4600.0
4040.29304
4790.20979
3764.59144
4760.344828
3772.200772
3104.085603
4760.344828
2093.75
4695.121951
4743.589744
4743.103448
4760.344828
4792.682927
3501.953125
4709.897611
3764.59144
3501.953125
3772.200772
4760.344828
4786.713287
3764.59144
3501.953125
4752.61324
4792.682927
2847.65625
2847.65625
4766.666667
3772.200772
4676.174497
3104.085603
4752.61324
4695.121951
3104.085603
4760.344828
4763.986014
4763.986014
4715.986395
3764.59144
3981.949458
2093.75
4676.174497
4786.713287
3447.470817
4763.986014
2847.65625
2093.75
4163.461538
3772.200772
3764.59144
4204.198473
4204.198473
4793.706294
3501.953125
2847.65625
4687.919463
4040.29304
4786.713287
4763.986014
4687.919463
4687.919463
4760.344828
4792.682927
4790.20979
3764.59144
2093.75
3104.085603
3447.470817
3764.59144
4206.10687
4790.20979
3501.953125
3916.666667
4786.713287
4185.873606
2093.75
4752.61324
3104.085603
2093.75
3981.949458
4752.61324
3104.085603
4752.61324
3981.949458
4793.706294
3447.470817
4683.673469
3104.085603
4676.174497
4687.919463
4695.121951
4766.666667
4687.919463
4695.121951
4760.344828
4687.919463
4695.121951
3447.470817
4793.706294
4676.174497
4743.103448
3791.505792
4792.682927
3104.085603
4752.61324
4040.29304
4743.103448
4687.919463
4786.713287
3501.953125
4752.61324
4763.986014
4743.103448
4204.198473
4760.344828
4743.103448
4752.61324
4695.121951
3501.953125
3772.200772
4676.174497
3772.200772
4743.103448
4766.666667
4790.20979
4206.10687
3104.085603
3791.505792
3772.200772
4040.29304
4695.121951
4204.198473
3916.666667
4687.919463
4752.61324
4793.706294
4766.666667
2093.75
2847.65625
4752.61324
4752.61324
4743.103448
3104.085603
4676.174497
4766.666667
4040.29304
4695.121951
2847.65625
3981.949458
2093.75
3501.953125
3447.470817
4683.673469
4695.121951
3772.200772
4683.673469
2847.65625
4204.198473
4760.344828
4763.986014
4743.103448
4790.20979
4743.103448
4766.666667
4763.986014
4786.713287
4766.666667
4687.919463
4766.666667
4687.919463
4204.198473
3104.085603
4676.174497
3447.470817
4766.666667
4687.919463
3501.953125
4792.682927
4163.461538
2093.75
3916.666667
2847.65625
3791.505792
4760.344828
3791.505792
4040.29304
4790.20979
2093.75
4695.121951
4317.406143
4709.897611
2093.75
4763.986014
4760.344828
3981.949458
4709.897611
3104.085603
2093.75
4185.873606
4695.121951
4695.121951
4204.198473
3501.953125
3791.505792
3104.085603
4752.61324
3501.953125
4163.461538
4676.174497
4040.29304
4786.713287
4040.29304
4752.61324
4766.666667
4709.897611
2093.75
3791.505792
3981.949458
4743.103448
3791.505792
4766.666667
3501.953125
4766.666667
3501.953125
4752.61324
4790.20979
4715.986395
3104.085603
4185.873606
2093.75
3447.470817
3447.470817
2847.65625
4600.0
3104.085603
3772.200772
4766.666667
4763.986014
4792.682927
4695.121951
4760.344828
4752.61324
4760.344828
3764.59144
4687.919463
4752.61324
4743.103448
3447.470817
4664.42953
4763.986014
3104.085603
4792.682927
4687.919463
4317.406143
2093.75
4695.121951
4752.61324
4676.174497
3772.200772
2093.75
2847.65625
4763.986014
4664.42953
2847.65625
4763.986014
2093.75
4242.474916
3447.470817
4743.103448
4752.61324
4206.10687
4760.344828
4763.986014
2847.65625
3501.953125
2093.75
4763.986014
4743.103448
3764.59144
4790.20979
4040.29304
4752.61324
4752.61324
4766.666667
4766.666667
2093.75
3981.949458
4695.121951
3104.085603
4040.29304
2093.75
3772.200772
3764.59144
4664.42953
2847.65625
4695.121951
3104.085603
4763.986014
3772.200772
3981.949458
4792.682927
3981.949458
4743.103448
4760.344828
4676.174497
4676.174497
3764.59144
4766.666667
4676.174497
3764.59144
4760.344828
4676.174497
3791.505792
4752.61324
3764.59144
4163.461538
4760.344828
4040.29304
3501.953125
4695.121951
3104.085603
4792.682927
3981.949458
2847.65625
2847.65625
4695.121951
2093.75
4786.713287
4695.121951
2847.65625
4687.919463
4687.919463
4695.121951
4766.666667
4709.897611
3447.470817
3447.470817
2093.75
4786.713287
3981.949458
4163.461538
4786.713287
4743.589744
3981.949458
4766.666667
4695.121951
