00000100
00000111
00111010
00000110
00111011
00000100
00110111
00111011
00111101
00000010
00000000
00000101
00111110
00110101
00001010
00110100
00111111
00110010
00111110
00111000
00000100
00111011
00000011
00000100
00000101
00101010
00111110
00000100
00111111
00111110
00111001
00000001
00001100
00111101
00111100
00111111
00111001
00000001
00110111
00001010
00111111
00111011
00010010
00000011
00111110
00111100
00111000
00001011
00111100
00101010
00111100
00110110
00000010
00001100
00111001
00111011
00110001
00111011
00001011
00000011
00000001
00111011
00111001
00010000
00110001
00010010
00000001
00000001
00000001
00000001
00000001
00111110
00000000
00000001
00000011
00000000
00000011
00110100
00111101
00000110
00000111
00110110
00111110
00111011
00110111
00000100
00000001
00010000
00000110
00000000
00110100
00111000
00000011
00111011
00111011
00000001
00000011
00001110
00111100
00111110
00000011
00111110
00111101
00000011
00111000
00000011
00001000
00111100
00000011
00110111
00111111
00110010
00000000
00000000
00000110
00111100
00000010
00110100
00111000
00110000
00000010
00111111
00110110
00000100
00111001
00000011
00111001
00001110
00001000
00001110
00000001
00111111
00111101
00101101
00000011
00000011
00111111
00000110
00111100
00000000
00000011
00000100
00111111
00111000
00000010
00111110
00000000
00000101
00111111
00000001
00111001
00111100
00000111
00111111
00111100
00000001
00000011
00110111
00000001
00110100
00111110
00111101
00110111
00110111
00111011
00111011
00111011
00110111
00110101
00001101
00000001
00000001
00110010
00000010
00000011
00110001
00000101
00001010
00111111
00000110
00111101
00111111
00110100
00111000
00001100
00110010
00000011
00111110
00111101
00000000
00000101
00000110
00110110
00000010
00111100
00110111
00000101
00111011
00000101
00000011
00101010
00111011
00111010
00110101
00111011
00001110
00001000
00001001
00111100
00000000
00000001
00111011
00111010
00001110
00111101
00111110
00111011
00000101
00111111
00001011
00111011
00111011
00111100
00111100
00111001
00000011
00000101
00001010
00110100
00111100
00000011
00111111
00000001
00111110
00001000
00110110
00000001
00001011
00111010
00111000
00111001
00000101
00111011
00110011
00110111
00010001
00111111
00111000
00111111
00111111
00111111
00000011
00110101
00111011
00001101
00000010
00111110
00111110
00111101
00001000
00110111
00111010
00001000
00111101
00000000
00111110
00111000
00000001
00111001
00110111
00111011
00111000
00111100
00000001
00000110
00111001
00111101
00111111
00111000
00111101
00110000
00111011
00110101
00111101
00001011
00101111
00111000
00111100
00111111
00110010
00111001
00000100
00111100
00111011
00111011
00001101
00000011
00000000
00000000
00001001
00111000
00111101
00000010
00111110
00001011
00000111
00000010
00111011
00000010
00000000
00111011
00000110
00111111
00000100
00111110
00000110
00111111
00001101
00000101
00111100
00111101
00110101
00000010
00000011
00000001
00000011
00101011
00000011
00000000
00000011
00001011
00111010
00111000
00001000
00000100
00111110
00110110
00110010
00000001
00000010
00000111
00111100
00111100
00110011
00111101
00000010
00111001
00000000
00000101
00111111
00000110
00111001
00111110
00000110
00001010
00110110
00000010
00111001
00110110
00110110
00111000
00111001
00000111
00001101
00000011
00111011
00000011
00110001
00000111
00111101
00111100
00111011
00000100
00000110
00111101
00000110
00111111
00000000
00111110
00000011
00111101
00111110
00111111
00111111
00110111
00111110
00111100
00111000
00000011
00000001
00001010
00111100
00111101
00000010
00001001
00000110
00001001
00111100
00111101
00001001
00000100
00111001
00001000
00111101
00000101
00111101
00110111
00110011
00000111
00111001
00111101
00111000
00110000
00001001
00000101
00111111
00000011
00111010
00001001
00000011
00111011
00111011
00001001
00000001
00111011
00000000
00000110
00111010
00111111
00111010
00111110
00000010
00111111
00111111
00000101
00111010
00111001
00000000
00111001
00000000
00111110
00000100
00111100
00010011
00000010
00110000
00110011
00000000
00001100
00000000
00000101
00000000
00111010
00000000
00111101
00000100
00111011
00000010
00111101
00111100
00111010
00110000
00000001
00000110
00111011
00111100
00000001
00000000
00110111
00111101
00110101
00111001
00000010
00001000
00000110
00111110
00110110
00000010
00001011
00101101
00000000
00111100
00000100
00111101
00111001
00001000
00000011
00000001
00111111
00000011
00001111
00111010
00111111
00111111
00111100
00110010
00000001
00000010
00000001
00111011
00111111
00101111
00111110
00000101
00110111
00001001
00111000
00111110
00111100
00000100
00111010
00110101
00000011
00111101
00111111
00000100
00110100
00110001
00110101
00001011
00000000
00110111
00111110
00000001
00110100
00000011
00000000
00000110
00000011
00000001
00000000
00111111
00111001
00000010
00001000
00001011
00000000
00000011
00111011
00001000
00000001
00111011
00000011
00001000
00000111
00000110
00111010
00111111
00111001
00010001
00001011
00111101
00111100
00110000
00000111
00111001
00110101
00000100
00110010
00000001
00000101
00001001
00110110
00000010
00110111
00111010
00000101
00001010
00110011
00010000
00111111
00111000
00111101
00111111
00111110
00000001
00111100
00000000
00110001
00000000
00110111
00110101
00000110
00111101
00111011
00111111
00000000
00101111
00000000
00111110
00111011
00000010
00000110
00111111
00110110
00000011
00111100
00111010
00110111
00111100
00111101
00111110
00111000
00110100
00111100
00000011
00001101
00111010
00110111
00001001
00111011
00111111
00000110
00111110
00000000
00111011
00000001
00000010
00001000
00000001
00000011
00000010
00101000
00111011
00111111
00001001
00110011
00000100
00000000
00000101
00010101
00000100
00110001
00110111
00000011
00111100
00111101
00000011
00000001
00111111
00111011
00111110
00000011
00111010
00010100
00111110
00111110
00111001
00111110
00111101
00111110
00001100
00111110
00000000
00000011
00110101
00111011
00000011
00101010
00111111
00111111
00110110
00111111
00110111
00111111
00110011
00111000
00111010
00000000
00000000
00110011
00000001
00000000
00111000
00000011
00000101
00000000
00001100
00111011
00110101
00111001
00111100
00111100
00110001
00110001
00111000
00111111
00000010
00111110
00000011
00111111
00111101
00000110
00101100
00111001
00111011
00110110
00110010
00111110
00001010
00111110
00001011
00110110
00000001
00111001
00000001
00111000
00000001
00000001
00111111
00000010
00111100
00110101
00000011
00000010
00101010
00110101
00110101
00110111
00110111
00111111
00000001
00111110
00111111
00111111
00111000
00111011
00001010
00000100
00000110
00111110
00111001
00111101
00111000
00111011
00001101
00001000
00000001
00001001
00000111
00000111
00111010
00000000
00111101
00000101
00000000
00000010
00111111
00111001
00000011
00000010
00111100
00110111
00000101
00111101
00111010
00000100
00000100
00111010
00001011
00000100
00110111
00000100
00110011
00110101
00000011
00110100
00000010
00111111
00110100
00000100
00000101
00111101
00001010
00111100
00000010
00110111
00000000
00110011
00111101
00111001
00110011
00111110
00101110
00111010
00000000
00111111
00001000
00101111
00000101
00000011
00110101
00111100
00000100
00000010
00000110
00111110
00111111
00000001
00000000
00111100
00000111
00101101
00111010
00001111
00000010
00000100
00111100
00110001
00000100
00111001
00000100
00111110
00001010
00000100
00001101
00000010
00000000
00111011
00111110
00110101
00111101
00001001
00000010
00000001
00000100
00000101
00110100
00110010
00111100
00000001
00111111
00000011
00101110
00000000
00110100
00101101
00111110
00000001
00110101
00000000
00111011
00000000
00000010
00111011
00000001
00000011
00111110
00110111
00111110
00111000
00111110
00000101
00111101
00000000
00010011
00111011
00111010
00110111
00110110
00000001
00001100
00110111
00111100
00111110
00111001
00000000
00111111
00110111
00000011
00111010
00000001
00000000
00110101
00000100
00000001
00111000
00111111
00000010
00111100
00110111
00000000
00000100
00111010
00101110
00000001
00110011
00000010
00001010
00110001
00001000
00111101
00110110
00001000
00110111
00110110
00000010
00111101
00000101
00000010
00110011
00110101
00110011
00000000
00000000
00110110
00111000
00000001
00111101
00111111
00000001
00001100
00000001
00001000
00110001
00110111
00111001
00111001
00111010
00000100
00111111
00110111
00111100
00110110
00111111
00001000
00000100
00000010
00110000
00111101
00000100
00111010
00000010
00111010
00111011
00110100
00111101
00111110
00000001
00101110
00110101
00110100
00110001
00000111
00111100
00001000
00111101
00000111
00000010
00111101
00111101
00001011
00111011
00001001
00000110
00000100
00000000
00000010
00000110
00000000
00001000
00111010
00000101
00111110
00000010
00111110
00000010
00111110
00000101
00111010
00000010
00000000
00111111
00111000
00000001
00111010
00000100
00110111
00111110
00000011
00000101
00110101
00000011
00000100
00111110
00000011
00000111
00111000
00000111
00000001
00111010
00110110
00001001
00000111
00110100
00000000
00000010
00000101
00111010
00110110
00111110
00111101
00111101
00000001
00000010
00000111
00110111
00110011
00111010
00111011
00000000
00111010
00111011
00001000
00111000
00111010
00001111
00111110
00001000
00000001
00111000
00000001
00000001
00000000
00110010
00000101
00111111
00111100
00001011
00000100
00111011
00000110
00110100
00111011
00000001
00111111
00111110
00111100
00000000
00110010
00000000
00110110
00111010
00001100
00111010
00000101
00000111
00000001
00111101
00111100
00110001
00000000
00110100
00000111
00000010
00001011
00111000
00111010
00000000
00111101
00111101
00111001
00111110
00110110
00101110
00111101
00001001
00101110
00111100
00110101
00000000
00110111
00001101
00111110
00111011
00001111
00000001
00111100
00110100
00110001
00000110
00111010
00000000
00111101
00110100
00000000
00111011
00000001
00111100
00110101
00000100
00111110
00000011
00000000
00000000
00000111
00111111
00000100
00001100
00001000
00111110
00111011
00001001
00110100
00000101
00001100
00000000
00000100
00010111
00000101
00111000
00001101
00111110
00000001
00111100
00111011
00000011
00000010
00110101
00111111
00001011
00001110
00001011
00001001
00110100
00110110
00100011
00000111
00000011
00111011
00111111
00000111
00111111
00111001
00111101
00110100
00000001
00001010
00001101
00001010
00111001
00111000
00000010
00111000
00000100
00001010
00000000
00111101
00110110
00001001
00110100
00000010
00000010
00001110
00111110
00111101
00111011
00000000
00110011
00000101
00000100
00000001
00111111
00111101
00111010
00000010
00000000
00000101
00001010
00000101
00000000
00000010
00111111
00000100
00000100
00000110
00010100
00111110
00110111
00111101
00110001
00111110
00000100
00111101
00111101
00110110
00111110
00001010
00110100
00111010
00000110
00111010
00111110
00001010
00000001
00001000
00111011
00111111
00000110
00110011
00111111
00111111
00111111
00001101
00111100
00111011
00110111
00111110
00111110
00111111
00111101
00111110
00000110
00111110
00000100
00111011
00000011
00111010
00001000
00001000
00000100
00111110
00110010
00000101
00111110
00111010
00000100
00111110
00000000
00111101
00000100
00110101
00000011
00110000
00111110
00000101
00110110
00111101
00000101
00111011
00000011
00000111
00111110
00111101
00000000
00111000
00000000
00111000
00000010
00000001
00110110
00111000
00110110
00111011
00110101
00000011
00110000
00000011
00111010
00000000
00000000
