00001001
00001001
00001001
00001001
00001001
00001001
00001001
00001001
00001001
00001001
00001001
00001001
00001001
00001001
00001001
00001001
00001001
00001001
00001001
00001001
00001001
00000001
00000001
00000001
00000001
00000001
00000001
00000001
00000001
00000001
00000001
00000001
00000001
00000001
00000001
00000001
00000001
00000001
00000001
00000001
00000001
00000001
00000001
00000001
00000001
00000001
00000001
00000001
00000001
00000001
00000001
00000001
00000001
00000001
00000001
00000001
00000001
00000001
00000001
00000001
00000101
00000101
00000101
00000101
00000101
00000101
00000101
00000101
00000101
00000101
00000101
00000101
00000101
00000101
00000101
00000101
00000101
00000101
00000101
00000101
00000101
00000101
00000101
00000101
00000101
00000101
00000101
00000100
00000100
00000100
00000100
00000100
00000100
00000100
00000100
00000100
00000100
00000100
00000100
00000100
00000100
00000100
00000100
00000100
00000100
00000100
00000100
00000100
00000100
00000100
00000100
00000100
00000100
00000100
00000100
00000100
00000100
00000100
00000100
00000100
00000100
00000100
00000100
00000100
00000100
00000100
00000100
00000100
00000100
00000100
00000100
00000100
00000100
00000100
00000100
00000100
00000100
00000100
00000100
00000000
00000000
00000000
00000000
00000000
00000000
00000000
00000000
00000000
00000000
00000000
00000000
00000000
00000000
00000000
00000000
00000000
00000000
00000000
00000000
00000000
00000000
00000000
00000000
00000000
00000000
00000000
00000000
00000000
00000000
00000000
00000000
00000000
00000000
00000000
00000000
00000000
00000000
00000000
00000000
00000000
00000000
00000000
00000000
00000000
00000000
00000000
00000000
00000000
00000000
00000000
00000000
00000000
00000000
00000000
00000000
00000000
00000000
00001000
00001000
00001000
00001000
00001000
00001000
00001000
00001000
00001000
00001000
00001000
00001000
00001000
00001000
00001000
00001000
00001000
00001000
00001000
00001000
00001000
00001000
00001000
00001000
00001000
00001010
00001010
00001010
00001010
00001010
00001010
00001010
00001010
00001010
00001010
00001010
00001010
00001010
00001010
00000010
00000010
00000010
00000010
00000010
00000010
00000010
00000010
00000010
00000010
00000010
00000010
00000010
00000010
00000010
00000010
00000010
00000010
00000010
00000010
00000010
00000010
00000010
00000010
00000010
00000010
00000010
00000010
00000010
00000010
00000010
00000010
00000010
00000010
00000010
00000010
00000010
00000010
00000010
00000010
00000010
00000010
00000010
00000010
00000010
00000010
00000010
00000010
00000010
00000010
00000010
00000010
00000010
00000110
00000110
00000110
00000110
00000110
00000110
00000110
00000110
00000110
00000110
00000110
00000110
00000110
00000110
00000110
00000110
00000110
00000110
00000110
00000110
00000110
00000110
00000110
00000110
00000110
00000110
00000110
00000110
00000110
00000110
00000110
00000110
00000110
00000111
00000111
00000111
00000111
00000111
00000111
00000111
00000111
00000111
00000111
00000111
00000111
00000111
00000111
00000111
00000111
00000111
00000111
00000111
00000111
00000111
00000111
00000111
00000111
00000111
00000111
00000011
00000011
00000011
00000011
00000011
00000011
00000011
00000011
00000011
00000011
00000011
00000011
00000011
00000011
00000011
00000011
00000011
00000011
00000011
00000011
00000011
00000011
00000011
00000011
00000011
00000011
00000011
00000011
00000011
00000011
00000011
00000011
00000011
00000011
00000011
00000011
00000011
00000011
00000011
00000011
00000011
00000011
00000011
00000011
00000011
00000011
00000011
00000011
00000011
00000011
00000011
00000011
00000011
00000011
00001011
00001011
00001011
00001011
00001011
00001011
00001011
00001011
00001011
00001011
00001011
00001011
00001011
00001011
00001011
00001011
00001011
00001011
00001111
00101111
00101111
00101111
00101111
00101111
00101111
00101111
00101111
00111111
00111111
00111111
00111111
00111111
00111111
00111111
00111111
00111111
00111111
00111111
00111111
00111111
00111111
00111111
00111111
00111111
00111111
00111111
00111111
00111111
00111111
00111111
00111111
00111111
00111111
00111111
00111111
00111111
00111111
00111111
00111111
00111111
00111111
00111111
00111111
00111111
00111111
00111111
00111111
00111111
00111111
00111111
00111111
00111111
00111111
00111111
00111111
00111111
00111111
00111111
00111111
00111111
00111111
00111111
00111111
00111111
00111111
00111111
00111111
00111111
00111101
00111101
00111101
00111101
00111101
00111101
00111101
00111101
00111101
00111101
00111101
00111101
00111101
00111101
00111101
00111101
00111101
00111101
00111101
00111101
00111101
00111101
00111101
00111101
00111101
00111101
00111101
00111101
00111101
00111101
00111101
00111101
00111101
00111101
00111101
00111101
00111101
00111101
00111101
00111101
00111101
00111101
00111101
00111101
00111101
00111101
00111101
00111101
00111101
00111101
00111101
00111101
00111101
00111101
00111101
00111101
00111101
00111101
00111101
00111100
00111100
00111100
00111100
00111100
00111100
00111100
00111100
00111100
00111100
00111100
00111100
00111100
00111100
00111100
00111100
00111100
00111100
00111100
00111100
00111100
00111100
00111100
00111100
00111100
00111100
00111100
00111100
00111100
00111100
00111100
00111100
00111100
00111100
00111100
00111100
00111100
00111100
00111100
00111100
00111100
00111100
00111100
00111100
00111100
00111100
00111100
00111100
00111100
00111100
00111100
00111100
00111100
00111100
00111100
00111100
00111100
00111100
00111100
00111100
00111100
00111100
00111100
00111100
00111100
00111100
00111100
00111100
00111100
00111100
00111110
00111110
00111110
00111110
00111110
00111110
00111110
00111110
00111110
00111110
00111110
00111110
00111110
00111110
00111110
00111110
00111110
00111110
00111110
00111110
00111110
00111110
00111110
00111110
00111110
00111110
00111110
00111110
00111110
00111110
00111110
00111110
00111110
00111110
00111110
00111110
00111110
00111110
00111110
00111110
00111110
00111110
00111110
00111110
00111110
00111110
00111110
00111110
00111110
00111110
00111110
00111110
00111110
00110110
00110110
00110110
00110110
00110110
00110110
00110110
00110110
00110110
00110110
00110110
00110110
00110110
00110110
00110110
00110110
00110110
00110110
00110110
00110110
00110110
00110110
00110110
00110110
00110110
00110110
00110110
00110110
00110110
00110110
00110111
00110111
00110111
00110111
00110111
00110111
00110111
00110111
00110111
00110111
00110111
00110111
00110111
00110111
00110111
00110111
00110111
00110111
00110111
00110111
00110111
00110111
00110111
00110111
00110111
00110111
00110111
00110111
00110111
00110011
00110011
00110011
00110011
00110011
00110011
00110011
00110011
00110011
00110011
00110011
00110011
00110011
00111011
00111011
00111011
00111011
00111011
00111011
00111011
00111011
00111011
00111011
00111011
00111011
00111011
00111011
00111011
00111011
00111011
00111011
00111011
00111011
00111011
00111011
00111011
00111011
00111011
00111011
00111011
00111011
00111011
00111011
00111011
00111011
00111011
00111011
00111011
00111011
00111011
00111011
00111011
00111011
00111011
00111011
00111011
00111011
00111011
00111010
00111010
00111010
00111010
00111010
00111010
00111010
00111010
00111010
00111010
00111010
00111010
00111010
00111010
00111010
00111010
00111010
00111010
00111010
00111010
00111010
00111010
00111010
00111010
00111010
00111010
00111010
00111010
00111010
00111010
00111010
00111010
00111010
00111010
00111010
00111010
00111010
00111010
00111010
00111010
00111010
00111010
00111010
00111010
00111010
00111010
00111010
00111010
00111010
00111010
00111010
00111010
00111010
00111010
00111010
00110010
00110010
00110010
00110010
00110010
00110010
00110010
00110010
00110010
00110010
00110010
00110010
00110010
00110000
00110000
00110000
00110000
00110000
00110000
00110000
00110000
00110000
00110000
00111000
00111000
00111000
00111000
00111000
00111000
00111000
00111000
00111000
00111000
00111000
00111000
00111000
00111000
00111000
00111000
00111000
00111000
00111000
00111000
00111000
00111000
00111000
00111000
00111000
00111000
00111000
00111001
00111001
00111001
00111001
00111001
00111001
00111001
00111001
00111001
00111001
00111001
00111001
00111001
00111001
00111001
00111001
00111001
00111001
00111001
00111001
00111001
00111001
00111001
00111001
00111001
00111001
00111001
00111001
00111001
00111001
00111001
00111001
00111001
00111001
00111001
00111001
00111001
00111001
00111001
00111001
00111001
00110001
00110001
00110001
00110001
00110001
00110001
00110001
00110101
00110101
00110101
00110101
00110101
00110101
00110101
00110101
00110101
00110101
00110101
00110101
00110101
00110101
00110101
00110101
00110101
00110101
00110101
00110101
00110101
00110101
00110101
00110101
00110101
00110101
00110101
00110101
00110101
00110100
00110100
00110100
00110100
00110100
00110100
00110100
00110100
00110100
00110100
00110100
00110100
00110100
00110100
00110100
00110100
00110100
00110100
00110100
00010100
00010000
00010000
00010000
00010010
00010011
00001101
00001101
00001101
00001101
00001101
00001101
00001100
00001100
00001100
00001100
00001100
00101100
00101100
00101100
00101100
00101110
00101110
00101110
00101110
00101110
00101010
00001110
00001110
00101001