00000100
00000100
00000100
00000100
00000100
00000100
00000100
00000100
00000100
00000100
00000100
00000100
00000100
00000100
00000100
00000100
00000100
00000100
00000100
00000100
00000100
00000100
00000100
00000100
00000100
00000100
00000100
00000100
00000100
00000100
00000100
00000100
00000100
00000100
00000100
00000100
00000100
00000100
00000100
00000100
00000100
00000100
00000100
00000100
00000100
00000100
00000100
00000101
00000101
00000101
00000101
00000101
00000101
00000101
00000101
00000101
00000101
00000101
00000101
00000101
00000101
00000101
00000101
00000101
00000101
00000101
00000101
00000101
00000101
00000101
00000101
00000101
00000101
00000101
00000101
00000101
00000101
00000101
00000101
00000101
00000101
00000101
00000101
00000101
00000101
00000101
00000001
00000001
00000001
00000001
00000001
00000001
00000001
00000001
00000001
00000001
00000001
00000001
00000001
00000001
00000001
00000001
00000001
00000001
00000001
00000001
00000001
00000001
00000001
00000001
00000001
00000001
00000001
00000001
00000001
00000001
00000001
00000001
00000001
00000001
00000001
00000001
00000001
00000001
00000001
00000001
00000001
00000001
00000001
00000001
00000001
00000001
00000001
00000001
00000001
00000001
00000001
00000001
00001001
00001001
00001001
00001001
00001001
00001001
00001001
00001001
00001001
00001001
00001001
00001001
00001001
00001001
00001001
00001001
00001001
00001001
00001000
00001000
00001000
00001000
00001000
00001000
00001000
00001000
00001000
00001000
00001000
00001000
00001000
00001000
00001000
00001000
00001000
00001000
00001000
00001000
00001000
00001000
00001010
00001010
00001010
00001010
00001010
00001010
00001010
00001010
00001010
00001010
00001010
00001010
00001010
00001010
00001010
00000010
00000010
00000010
00000010
00000010
00000010
00000010
00000010
00000010
00000010
00000010
00000010
00000010
00000010
00000010
00000010
00000010
00000010
00000010
00000010
00000010
00000010
00000010
00000010
00000010
00000010
00000010
00000010
00000010
00000010
00000010
00000010
00000010
00000010
00000010
00000010
00000010
00000010
00000010
00000010
00000010
00000010
00000010
00000010
00000010
00000010
00000010
00000010
00000010
00000010
00000010
00000010
00000010
00000011
00000011
00000011
00000011
00000011
00000011
00000011
00000011
00000011
00000011
00000011
00000011
00000011
00000011
00000011
00000011
00000011
00000011
00000011
00000011
00000011
00000011
00000011
00000011
00000011
00000011
00000011
00000011
00000011
00000011
00000011
00000011
00000011
00000011
00000011
00000011
00000011
00000011
00000011
00000011
00000011
00000011
00000111
00000111
00000111
00000111
00000111
00000111
00000111
00000111
00000111
00000111
00000111
00000111
00000111
00000111
00000111
00000111
00000111
00000111
00000111
00000111
00000111
00000111
00000111
00000111
00000111
00000111
00000111
00000111
00000111
00000111
00000111
00000111
00000111
00000110
00000110
00000110
00000110
00000110
00000110
00000110
00000110
00000110
00000110
00000110
00000110
00000110
00000110
00000110
00000110
00000110
00000110
00000110
00000110
00000110
00000110
00000110
00000110
00000110
00000110
00000110
00000110
00000110
00000110
00000110
00000110
00000110
00000110
00000110
00000110
00000110
00000110
00000110
00000110
00000110
00000110
00001110
00001110
00001110
00001110
00001110
00001110
00001110
00001110
00001110
00001110
00001110
00001100
00001100
00001100
00001100
00001100
00001100
00001101
00001101
00001101
00001101
00001101
00001101
00001101
00001111
00001111
00001111
00001111
00001011
00001011
00001011
00001011
00001011
00001011
00001011
00001011
00001011
00001011
00001011
00001011
00001011
00111011
00111011
00111011
00111011
00111011
00111011
00111011
00111011
00111011
00111011
00111011
00111011
00111011
00111011
00111011
00111011
00111011
00111011
00111011
00111011
00111011
00111011
00111011
00111011
00111011
00111011
00111011
00111011
00111011
00111011
00111011
00111011
00111011
00111011
00111011
00111011
00111011
00111011
00111011
00111011
00111011
00111011
00111011
00111011
00111011
00111011
00111011
00111011
00111011
00111011
00111011
00111011
00111011
00111011
00111011
00111011
00111011
00111011
00111011
00111011
00111011
00111011
00111011
00111111
00111111
00111111
00111111
00111111
00111111
00111111
00111111
00111111
00111111
00111111
00111111
00111111
00111111
00111111
00111111
00111111
00111111
00111111
00111111
00111111
00111111
00111111
00111111
00111111
00111111
00111111
00111111
00111111
00111111
00111111
00111111
00111111
00111111
00111111
00111111
00111111
00111111
00111111
00111111
00111111
00111111
00111111
00111111
00111111
00111111
00111111
00111111
00111111
00111111
00111111
00111111
00111111
00111111
00111111
00111111
00111111
00111111
00111111
00111111
00111111
00111111
00111111
00111111
00111111
00111111
00111110
00111110
00111110
00111110
00111110
00111110
00111110
00111110
00111110
00111110
00111110
00111110
00111110
00111110
00111110
00111110
00111110
00111110
00111110
00111110
00111110
00111110
00111110
00111110
00111110
00111110
00111110
00111110
00111110
00111110
00111110
00111110
00111110
00111110
00111110
00111110
00111110
00111110
00111110
00111110
00111110
00111110
00111110
00111110
00111110
00111110
00111110
00111110
00111110
00111110
00111110
00111110
00111110
00111110
00111110
00111110
00111100
00111100
00111100
00111100
00111100
00111100
00111100
00111100
00111100
00111100
00111100
00111100
00111100
00111100
00111100
00111100
00111100
00111100
00111100
00111100
00111100
00111100
00111100
00111100
00111100
00111100
00111100
00111100
00111100
00111100
00111100
00111100
00111100
00111100
00111100
00111100
00111100
00111100
00111100
00111100
00111100
00111100
00111100
00111100
00111100
00111100
00111100
00111100
00111100
00111100
00111100
00111100
00111100
00111100
00111100
00111100
00110100
00110100
00110100
00110100
00110100
00110100
00110100
00110100
00110100
00110100
00110100
00110100
00110100
00110100
00110100
00110100
00110100
00110100
00110100
00110100
00110100
00110110
00110110
00110110
00110110
00110110
00110110
00110110
00110110
00110110
00110110
00110110
00110110
00110110
00110110
00110110
00110110
00110110
00110110
00110110
00110110
00110110
00110010
00110010
00110010
00110010
00110010
00110010
00110010
00110010
00110010
00110010
00110010
00110010
00110010
00110010
00110010
00110010
00110010
00110010
00111010
00111010
00111010
00111010
00111010
00111010
00111010
00111010
00111010
00111010
00111010
00111010
00111010
00111010
00111010
00111010
00111010
00111010
00111010
00111010
00111010
00111010
00111010
00111010
00111010
00111010
00111010
00111010
00111010
00111010
00111010
00111010
00111010
00111010
00111010
00111010
00111010
00111010
00111010
00111010
00111010
00111010
00111010
00111010
00111010
00111010
00111010
00111010
00111010
00111010
00111010
00111000
00111000
00111000
00111000
00111000
00111000
00111000
00111000
00111000
00111000
00111000
00111000
00111000
00111000
00111000
00111000
00111000
00111000
00111000
00111000
00111000
00111000
00111000
00111000
00111000
00111000
00111000
00111000
00111000
00111001
00111001
00111001
00111001
00111001
00111001
00111001
00111001
00111001
00111001
00111001
00111001
00111001
00111001
00111001
00111001
00111001
00111001
00111001
00111001
00111001
00111001
00111001
00111001
00111001
00111001
00111001
00111001
00111001
00111001
00111001
00111001
00111001
00111001
00111001
00111001
00111001
00111001
00111001
00111001
00111101
00111101
00111101
00111101
00111101
00111101
00111101
00111101
00111101
00111101
00111101
00111101
00111101
00111101
00111101
00111101
00111101
00111101
00111101
00111101
00111101
00111101
00111101
00111101
00111101
00111101
00111101
00111101
00111101
00111101
00111101
00111101
00111101
00111101
00111101
00111101
00111101
00111101
00111101
00111101
00111101
00111101
00111101
00111101
00111101
00111101
00111101
00110101
00110101
00110101
00110101
00110101
00110101
00110101
00110101
00110101
00110101
00110101
00110101
00110101
00110101
00110111
00110111
00110111
00110111
00110111
00110111
00110111
00110111
00110111
00110111
00110111
00110111
00110111
00110111
00110111
00110111
00110111
00110111
00110111
00110111
00110111
00110111
00110111
00110111
00110111
00110111
00110111
00110111
00110111
00110111
00110111
00110011
00110011
00110011
00110011
00110011
00110011
00110011
00110011
00110011
00110011
00110011
00110011
00110011
00110011
00110001
00110001
00110001
00110001
00110001
00110001
00110001
00110001
00110001
00110001
00110001
00110000
00110000
00010000
00010000
00010000
00000000
00000000
00000000
00000000
00000000
00000000
00000000
00000000
00000000
00000000
00000000
00000000
00000000
00000000
00000000
00000000
00000000
00000000
00000000
00000000
00000000
00000000
00000000
00000000
00000000
00000000
00000000
00000000
00000000
00000000
00000000
00000000
00000000
00000000
00000000
00000000
00000000
00000000
00000000
00000000
00000000
00000000
00000000
00000000
00000000
00000000
00000000
00000000
00000000
00000000
00000000
00000000
00000000
00100100
00101100
00101110
00101110
00101110
00101111
00101111
00101111
00101111
00101111
00101111
00101101
00101001
00010001
00010001
00010101
00010011
00010010
00010110
00100110