4690.566038
4080.0
4750.0
4118.518519
4696.969697
4680.970149
4750.0
2572.463768
4728.464419
1787.644788
3554.945055
2540.262172
4728.464419
4734.962406
4025.362319
1787.644788
2572.463768
4690.566038
4728.464419
4118.518519
2856.630824
4728.464419
2572.463768
4735.849057
3503.663004
3281.25
2856.630824
4679.104478
4692.883895
4733.082707
3281.25
4695.075758
4734.962406
4750.0
4750.0
4735.849057
4750.0
4728.464419
4679.104478
4695.075758
4750.0
4728.464419
1787.644788
2856.630824
2856.630824
1787.644788
2572.463768
4735.849057
4118.518519
4728.464419
4680.970149
4728.464419
4734.962406
2856.630824
3281.25
4734.962406
3470.909091
3503.663004
4692.883895
4692.883895
4692.883895
4733.082707
4734.962406
4104.779412
3503.663004
2572.463768
3554.945055
2856.630824
3470.909091
4803.435115
1787.644788
4692.883895
4734.962406
4734.962406
4680.970149
4735.849057
4728.464419
4695.075758
4734.962406
3554.945055
3470.909091
4692.883895
4750.0
4723.684211
4098.148148
4723.684211
4118.518519
4723.684211
4695.075758
4734.962406
4098.148148
2856.630824
4735.849057
4539.473684
1787.644788
4692.883895
4696.969697
3554.945055
4696.969697
1787.644788
3281.25
4728.464419
4555.970149
3470.909091
4733.082707
4734.962406
2540.262172
4734.962406
3470.909091
3281.25
3554.945055
4728.464419
4728.464419
3281.25
2540.262172
3554.945055
2856.630824
4733.082707
4734.962406
4695.075758
4750.0
4692.883895
3503.663004
4735.849057
4733.082707
2856.630824
4734.962406
4734.962406
4734.962406
2572.463768
4734.962406
4723.684211
4692.883895
4679.104478
3554.945055
4734.962406
4118.518519
4098.148148
4735.849057
4728.464419
4733.082707
2572.463768
4734.962406
4098.148148
2572.463768
4750.0
2856.630824
2572.463768
4679.104478
4690.566038
4680.970149
3554.945055
1787.644788
4098.148148
4735.849057
4104.779412
3554.945055
4661.710037
1787.644788
4696.969697
4733.082707
4696.969697
4692.883895
4696.969697
1787.644788
3554.945055
4750.0
4696.969697
3281.25
4118.518519
4118.518519
4750.0
4734.962406
2856.630824
4735.849057
3554.945055
4734.962406
2856.630824
4692.883895
2856.630824
4734.962406
4735.849057
1787.644788
4118.518519
4723.684211
2856.630824
4696.969697
1787.644788
3281.25
3470.909091
4118.518519
4734.962406
4692.883895
3281.25
2540.262172
4690.566038
4080.0
2572.463768
4733.082707
1787.644788
4734.962406
4728.464419
4085.766423
3554.945055
4696.969697
2856.630824
1787.644788
4728.464419
4734.962406
4696.969697
1787.644788
4728.464419
4733.082707
4728.464419
2540.262172
4733.082707
4734.962406
4734.962406
4734.962406
4728.464419
3554.945055
4696.969697
4735.849057
4734.962406
4692.883895
4692.883895
4728.464419
2572.463768
4692.883895
4728.464419
4661.710037
3281.25
4728.464419
4723.684211
4723.684211
4734.962406
4750.0
2856.630824
1787.644788
4734.962406
4734.962406
3503.663004
4696.969697
4118.518519
4680.970149
4735.849057
3554.945055
4733.082707
1787.644788
4118.518519
2540.262172
2572.463768
4734.962406
4733.082707
4735.849057
3554.945055
4118.518519
4734.962406
4750.0
3554.945055
4690.566038
4692.883895
3554.945055
3281.25
4723.684211
2856.630824
2540.262172
4692.883895
2572.463768
4696.969697
3503.663004
4734.962406
4734.962406
4734.962406
4733.082707
4098.148148
4750.0
4733.082707
4692.883895
4695.075758
4723.684211
3470.909091
4085.766423
4733.082707
4728.464419
4118.518519
3554.945055
4692.883895
4723.684211
4735.849057
4728.464419
4733.082707
4723.684211
2572.463768
3281.25
4723.684211
4728.464419
2856.630824
3554.945055
4679.104478
3470.909091
3470.909091
3281.25
4734.962406
4735.849057
4728.464419
4025.362319
4735.849057
4723.684211
4728.464419
4085.766423
3281.25
4025.362319
3470.909091
3281.25
4690.566038
4734.962406
4734.962406
4734.962406
2856.630824
4735.849057
2540.262172
1787.644788
4723.684211
4696.969697
4814.885496
4750.0
2572.463768
2540.262172
4750.0
4734.962406
4692.883895
4690.566038
4690.566038
4104.779412
4734.962406
3281.25
1787.644788
4679.104478
3281.25
4098.148148
4723.684211
4690.566038
4723.684211
2540.262172
4734.962406
4750.0
2540.262172
4733.082707
4118.518519
4723.684211
4098.148148
4680.970149
2540.262172
4690.566038
4104.779412
4118.518519
4733.082707
4696.969697
4734.962406
3281.25
4680.970149
4734.962406
4692.883895
4734.962406
4661.710037
3503.663004
4735.849057
4723.684211
2540.262172
2856.630824
4550.75188
4728.464419
4680.970149
4539.473684
4728.464419
2572.463768
3503.663004
2540.262172
4750.0
4728.464419
4118.518519
4728.464419
2572.463768
2856.630824
4728.464419
4025.362319
3470.909091
4728.464419
2540.262172
4690.566038
1787.644788
4692.883895
4734.962406
4734.962406
1787.644788
2856.630824
4661.710037
3503.663004
4733.082707
4735.849057
3503.663004
4734.962406
4118.518519
4734.962406
4679.104478
3281.25
4728.464419
4735.849057
4723.684211
3503.663004
1787.644788
4728.464419
4734.962406
4735.849057
4733.082707
4696.969697
4735.849057
1787.644788
4696.969697
4735.849057
4723.684211
4734.962406
3554.945055
3470.909091
4679.104478
2856.630824
3554.945055
4734.962406
1787.644788
2540.262172
2540.262172
4728.464419
1787.644788
3470.909091
4735.849057
4118.518519
3503.663004
1787.644788
4734.962406
4104.779412
4692.883895
4733.082707
4733.082707
3470.909091
4728.464419
4695.075758
4734.962406
4734.962406
1787.644788
4728.464419
4734.962406
3554.945055
3470.909091
3554.945055
3503.663004
4728.464419
4750.0
3470.909091
4733.082707
4692.883895
2856.630824
4734.962406
4735.849057
4734.962406
3470.909091
4690.566038
4118.518519
4118.518519
1787.644788
2540.262172
4696.969697
4690.566038
4085.766423
1787.644788
4104.779412
2540.262172
1787.644788
4734.962406
1787.644788
4733.082707
3554.945055
4735.849057
1787.644788
4734.962406
4803.435115
2572.463768
2572.463768
4695.075758
4680.970149
4803.435115
4734.962406
3281.25
4734.962406
2856.630824
2856.630824
4679.104478
3470.909091
4728.464419
1787.644788
2856.630824
4118.518519
4692.883895
3554.945055
4118.518519
3281.25
4750.0
4098.148148
3554.945055
4723.684211
4695.075758
4118.518519
4692.883895
1787.644788
3470.909091
4080.0
4803.435115
4118.518519
4692.883895
4735.849057
4734.962406
4661.710037
3554.945055
2540.262172
4734.962406
4734.962406
4734.962406
3554.945055
4692.883895
1787.644788
4692.883895
3554.945055
1787.644788
2856.630824
4118.518519
4728.464419
3281.25
4692.883895
4734.962406
4696.969697
4733.082707
4734.962406
3470.909091
4750.0
2856.630824
2540.262172
4690.566038
1787.644788
4734.962406
3503.663004
2540.262172
4734.962406
4692.883895
2540.262172
4734.962406
3554.945055
4734.962406
1787.644788
4728.464419
2572.463768
3503.663004
4085.766423
4680.970149
3554.945055
4661.710037
3503.663004
2856.630824
4750.0
4679.104478
4734.962406
4104.779412
4735.849057
4692.883895
4734.962406
3917.279412
4750.0
4728.464419
1787.644788
4080.0
3470.909091
4696.969697
4692.883895
4803.435115
4696.969697
2540.262172
3470.909091
4696.969697
4733.082707
4723.684211
4733.082707
2856.630824
2856.630824
2540.262172
4734.962406
4723.684211
2856.630824
4735.849057
4735.849057
4696.969697
2856.630824
2540.262172
4734.962406
4728.464419
4723.684211
4734.962406
3281.25
3503.663004
2540.262172
4696.969697
4735.849057
2856.630824
3503.663004
4723.684211
4118.518519
3503.663004
4734.962406
4728.464419
4728.464419
4735.849057
4728.464419
2572.463768
4661.710037
4750.0
4692.883895
4750.0
4750.0
4728.464419
4734.962406
4692.883895
4085.766423
2540.262172
3554.945055
4692.883895
3554.945055
4692.883895
4690.566038
4696.969697
1787.644788
3281.25
4695.075758
4750.0
4680.970149
2572.463768
4680.970149
2856.630824
4823.076923
2856.630824
4696.969697
4723.684211
4750.0
2572.463768
4118.518519
4733.082707
2540.262172
1787.644788
3554.945055
4692.883895
4723.684211
4098.148148
4734.962406
2856.630824
4733.082707
4692.883895
3554.945055
2540.262172
4734.962406
4696.969697
4554.307116
1787.644788
4734.962406
3470.909091
3470.909091
1787.644788
4118.518519
1787.644788
1787.644788
2856.630824
4733.082707
2572.463768
4734.962406
3470.909091
4735.849057
4695.075758
4692.883895
3281.25
4733.082707
4750.0
3470.909091
4696.969697
3470.909091
4733.082707
4733.082707
4750.0
2856.630824
4723.684211
4823.076923
2540.262172
4679.104478
4734.962406
4555.970149
4733.082707
4723.684211
4735.849057
2856.630824
4692.883895
4734.962406
3554.945055
1787.644788
4734.962406
2572.463768
2572.463768
3470.909091
4734.962406
2572.463768
2572.463768
4692.883895
3503.663004
4118.518519
3281.25
4733.082707
4695.075758
3503.663004
2572.463768
4692.883895
4733.082707
4025.362319
1787.644788
3554.945055
3554.945055
4679.104478
4696.969697
4723.684211
4734.962406
3554.945055
4692.883895
4734.962406
2540.262172
4734.962406
4735.849057
4696.969697
2572.463768
3554.945055
4696.969697
4734.962406
2540.262172
4098.148148
4723.684211
2540.262172
4734.962406
1787.644788
4679.104478
3281.25
4734.962406
4734.962406
4696.969697
3917.279412
4554.307116
4118.518519
4733.082707
4085.766423
4728.464419
3554.945055
4814.885496
3554.945055
2572.463768
2856.630824
4750.0
2540.262172
2856.630824
4690.566038
4696.969697
4692.883895
4696.969697
4728.464419
4692.883895
4734.962406
3503.663004
3470.909091
2856.630824
4734.962406
2540.262172
2540.262172
4690.566038
3554.945055
3554.945055
2572.463768
2540.262172
3281.25
4734.962406
1787.644788
4080.0
4750.0
4118.518519
4692.883895
4723.684211
2540.262172
2540.262172
4692.883895
2572.463768
4690.566038
3470.909091
3470.909091
4696.969697
4692.883895
4680.970149
3554.945055
4690.566038
4118.518519
4733.082707
2856.630824
2856.630824
4661.710037
1787.644788
4104.779412
4692.883895
2856.630824
1787.644788
2572.463768
4723.684211
3281.25
4734.962406
4085.766423
4695.075758
4085.766423
4728.464419
4085.766423
4734.962406
4679.104478
4696.969697
4734.962406
4696.969697
2540.262172
4696.969697
4728.464419
4692.883895
3281.25
4735.849057
4118.518519
4735.849057
3503.663004
4098.148148
4735.849057
4723.684211
2856.630824
3470.909091
2572.463768
4733.082707
4734.962406
2856.630824
4734.962406
3470.909091
4692.883895
2572.463768
4750.0
3503.663004
4734.962406
2856.630824
4118.518519
4814.885496
4696.969697
4733.082707
2572.463768
2540.262172
3470.909091
2540.262172
4728.464419
4728.464419
4723.684211
4723.684211
1787.644788
4692.883895
4735.849057
4696.969697
3554.945055
3281.25
4695.075758
4734.962406
4679.104478
4692.883895
1787.644788
4803.435115
4692.883895
2540.262172
4734.962406
4723.684211
4696.969697
4750.0
2540.262172
3554.945055
4734.962406
4734.962406
4696.969697
4104.779412
4750.0
4734.962406
2856.630824
2572.463768
2572.463768
4692.883895
4695.075758
3554.945055
4104.779412
2540.262172
4733.082707
2572.463768
4723.684211
4734.962406
4680.970149
4554.307116
4696.969697
3503.663004
4750.0
4728.464419
3917.279412
4723.684211
3470.909091
4728.464419
2572.463768
4696.969697
4734.962406
4118.518519
1787.644788
2572.463768
2540.262172
4723.684211
4539.473684
3554.945055
3554.945055
4025.362319
4750.0
4728.464419
3554.945055
3281.25
3554.945055
4734.962406
3281.25
4734.962406
4734.962406
4696.969697
2572.463768
4733.082707
4692.883895
3281.25
3281.25
4734.962406
4750.0
1787.644788
4735.849057
1787.644788
4104.779412
4733.082707
4679.104478
4734.962406
4118.518519
4118.518519
1787.644788
4080.0
1787.644788
3470.909091
2856.630824
4690.566038
4695.075758
4728.464419
4692.883895
4680.970149
4750.0
4104.779412
4085.766423
4734.962406
4750.0
4734.962406
3554.945055
2540.262172
4733.082707
4723.684211
4750.0
4692.883895
4735.849057
4735.849057
4728.464419
4735.849057
4728.464419
4734.962406
2572.463768
3554.945055
1787.644788
4750.0
4692.883895
3470.909091
4098.148148
3470.909091
2572.463768
4803.435115
3554.945055
2572.463768
4696.969697
4098.148148
4104.779412
4118.518519
4118.518519
4728.464419
4118.518519
4085.766423
4728.464419
4696.969697
4680.970149
2540.262172
4750.0
4735.849057
4734.962406
4734.962406
2856.630824
4728.464419
4696.969697
4734.962406
2572.463768
2856.630824
4696.969697
4695.075758
3470.909091
4733.082707
2856.630824
4750.0
4723.684211
4750.0
4695.075758
4728.464419
3554.945055
3281.25
3281.25
4734.962406
1787.644788
3281.25
4750.0
3503.663004
3503.663004
3554.945055
4679.104478
1787.644788
4735.849057
4728.464419
4723.684211
4723.684211
3554.945055
4696.969697
4723.684211
4734.962406
4515.037594
4734.962406
4728.464419
2540.262172
4728.464419
4728.464419
2856.630824
4696.969697
4728.464419
4735.849057
4696.969697
3281.25
4728.464419
1787.644788
4104.779412
4734.962406
4750.0
4735.849057
4728.464419
2856.630824
4695.075758
4118.518519
2540.262172
3554.945055
4692.883895
4661.710037
3554.945055
2572.463768
4728.464419
4080.0
4735.849057
4695.075758
4723.684211
4734.962406
4728.464419
3281.25
4735.849057
4692.883895
4085.766423
4750.0
3470.909091
4734.962406
3503.663004
4728.464419
4735.849057
1787.644788
4735.849057
4692.883895
3917.279412
4750.0
2856.630824
1787.644788
4735.849057
2540.262172
4661.710037
4539.473684
4025.362319
4728.464419
1787.644788
4734.962406
4696.969697
4733.082707
2856.630824
4728.464419
2540.262172
4696.969697
3503.663004
3470.909091
4025.362319
4692.883895
2540.262172
4734.962406
4118.518519
2572.463768
2856.630824
4735.849057
4734.962406
4695.075758
4728.464419
3503.663004
4696.969697
4735.849057
4723.684211
2856.630824
3503.663004
1787.644788
4661.710037
2572.463768
3917.279412
2856.630824
4690.566038
3503.663004
4750.0
4696.969697
4734.962406
2540.262172
4723.684211
4692.883895
4690.566038
3503.663004
1787.644788
4680.970149
1787.644788
2540.262172
4734.962406
3470.909091
4734.962406
4750.0
1787.644788
4692.883895
4690.566038
4696.969697
2856.630824
4735.849057
4734.962406
3503.663004
3503.663004
3470.909091
2540.262172
4696.969697
4735.849057
2540.262172
4723.684211
4734.962406
1787.644788
4118.518519
2540.262172
4661.710037
4679.104478
4733.082707
4690.566038
4734.962406
1787.644788
4118.518519
4692.883895
2540.262172
2856.630824
3503.663004
2856.630824
2856.630824
2540.262172
3554.945055
4728.464419
3281.25
4733.082707
4728.464419
3554.945055
3554.945055
4733.082707
2540.262172
3554.945055
4723.684211
2572.463768
4104.779412
4696.969697
3503.663004
3470.909091
4085.766423
4734.962406
2572.463768
3470.909091
4696.969697
3470.909091
4692.883895
2572.463768
2856.630824
2572.463768
4692.883895
4679.104478
4723.684211
4803.435115
2572.463768
4692.883895
1787.644788
4734.962406
1787.644788
4733.082707
4723.684211
3503.663004
1787.644788
1787.644788
4734.962406
4728.464419
2540.262172
4734.962406
4696.969697
4690.566038
4118.518519
3554.945055
4733.082707
2572.463768
4734.962406
1787.644788
2572.463768
3470.909091
4695.075758
4734.962406
4098.148148
4750.0
4728.464419
3503.663004
4679.104478
2856.630824
3281.25
1787.644788
3503.663004
1787.644788
4734.962406
4723.684211
4735.849057
2856.630824
2572.463768
3281.25
4723.684211
