4692.883895
4734.962406
4085.766423
4733.082707
4734.962406
1787.644788
4728.464419
2856.630824
2856.630824
2572.463768
4723.684211
4728.464419
4734.962406
4750.0
2856.630824
3470.909091
4735.849057
1787.644788
2540.262172
3503.663004
4750.0
3503.663004
1787.644788
4723.684211
4696.969697
2540.262172
2572.463768
4723.684211
2856.630824
4735.849057
4118.518519
2856.630824
3503.663004
4733.082707
2856.630824
2856.630824
4661.710037
4692.883895
4733.082707
3554.945055
3554.945055
4723.684211
3281.25
2540.262172
2856.630824
1787.644788
4696.969697
3554.945055
2540.262172
4680.970149
4735.849057
4734.962406
4734.962406
2572.463768
4734.962406
2540.262172
2856.630824
3503.663004
4735.849057
1787.644788
4735.849057
4098.148148
4750.0
4735.849057
4723.684211
4554.307116
2856.630824
4118.518519
3917.279412
3554.945055
2572.463768
3554.945055
2572.463768
4728.464419
4695.075758
3470.909091
4696.969697
2572.463768
3281.25
4734.962406
3470.909091
4118.518519
4750.0
4661.710037
3503.663004
1787.644788
4728.464419
4733.082707
4118.518519
4414.545455
4080.0
4723.684211
2540.262172
3281.25
4734.962406
1787.644788
4735.849057
4690.566038
4098.148148
4098.148148
1787.644788
4734.962406
4750.0
4679.104478
3281.25
4734.962406
4690.566038
4750.0
4728.464419
4733.082707
2540.262172
2856.630824
4735.849057
4734.962406
3554.945055
4692.883895
4750.0
1787.644788
4723.684211
4680.970149
3281.25
4679.104478
3554.945055
4692.883895
4723.684211
4695.075758
2572.463768
4734.962406
4728.464419
4661.710037
1787.644788
4723.684211
3554.945055
4728.464419
4118.518519
4692.883895
2572.463768
4723.684211
1787.644788
4695.075758
1787.644788
3503.663004
4679.104478
4733.082707
4692.883895
4728.464419
4723.684211
4723.684211
1787.644788
4735.849057
3554.945055
4118.518519
3503.663004
4695.075758
1787.644788
1787.644788
4735.849057
4734.962406
4696.969697
4723.684211
2540.262172
2540.262172
4733.082707
1787.644788
4723.684211
4690.566038
3554.945055
3470.909091
4734.962406
4734.962406
2856.630824
1787.644788
3503.663004
2540.262172
4734.962406
4692.883895
1787.644788
2856.630824
3554.945055
4733.082707
2572.463768
4098.148148
3281.25
2856.630824
2540.262172
4080.0
3503.663004
4750.0
4733.082707
1787.644788
4734.962406
3503.663004
1787.644788
2856.630824
3503.663004
4733.082707
3470.909091
3554.945055
4734.962406
4679.104478
4723.684211
4750.0
4735.849057
2856.630824
4728.464419
4696.969697
4735.849057
4750.0
4692.883895
4723.684211
4734.962406
4734.962406
4692.883895
4695.075758
2540.262172
3554.945055
4080.0
4104.779412
3470.909091
2572.463768
4695.075758
4723.684211
2572.463768
4692.883895
4734.962406
3554.945055
4118.518519
4692.883895
4118.518519
4723.684211
4728.464419
4723.684211
4734.962406
4728.464419
4692.883895
4734.962406
4723.684211
2572.463768
4735.849057
4692.883895
4734.962406
4750.0
2572.463768
4695.075758
4104.779412
4734.962406
1787.644788
4728.464419
4814.885496
2540.262172
4734.962406
4734.962406
4723.684211
2856.630824
4696.969697
1787.644788
4735.849057
4118.518519
3470.909091
4734.962406
4723.684211
2572.463768
3281.25
4734.962406
1787.644788
4733.082707
4118.518519
1787.644788
4723.684211
4814.885496
4728.464419
4692.883895
2856.630824
1787.644788
3503.663004
4080.0
3503.663004
4679.104478
4735.849057
3281.25
4734.962406
4728.464419
4098.148148
3281.25
2572.463768
4680.970149
3554.945055
4550.75188
2856.630824
4695.075758
1787.644788
4728.464419
3281.25
1787.644788
4661.710037
4118.518519
4734.962406
4733.082707
3470.909091
2540.262172
4734.962406
4515.037594
4734.962406
4692.883895
4723.684211
4085.766423
4692.883895
3503.663004
4695.075758
4692.883895
4695.075758
3470.909091
4734.962406
4734.962406
1787.644788
2856.630824
4695.075758
4680.970149
3470.909091
1787.644788
3281.25
1787.644788
4723.684211
4696.969697
4104.779412
3470.909091
2540.262172
4723.684211
4692.883895
4692.883895
4085.766423
4104.779412
4661.710037
4734.962406
4696.969697
2572.463768
4080.0
4080.0
4734.962406
4690.566038
4679.104478
1787.644788
2856.630824
4735.849057
4734.962406
2540.262172
2856.630824
4750.0
4734.962406
1787.644788
4750.0
4734.962406
4680.970149
4733.082707
1787.644788
4728.464419
4734.962406
4661.710037
4080.0
4735.849057
3503.663004
4690.566038
4735.849057
3554.945055
4692.883895
4733.082707
3470.909091
3554.945055
4118.518519
3503.663004
4085.766423
2572.463768
4750.0
4734.962406
4118.518519
4696.969697
4734.962406
1787.644788
4723.684211
4803.435115
2856.630824
4773.94636
2540.262172
2540.262172
4735.849057
4104.779412
4098.148148
4692.883895
4728.464419
4735.849057
4735.849057
4723.684211
4733.082707
4734.962406
4692.883895
4735.849057
3281.25
4025.362319
4118.518519
3503.663004
4777.358491
2572.463768
2856.630824
2572.463768
4098.148148
2540.262172
2856.630824
4750.0
4690.566038
4723.684211
4735.849057
4723.684211
3554.945055
4118.518519
4728.464419
4692.883895
4728.464419
4080.0
4734.962406
4735.849057
4696.969697
4661.710037
1787.644788
4723.684211
4098.148148
2540.262172
4735.849057
2540.262172
4680.970149
4733.082707
3470.909091
4734.962406
4661.710037
2572.463768
4734.962406
1787.644788
4803.435115
4734.962406
3470.909091
2572.463768
1787.644788
4679.104478
4734.962406
1787.644788
4696.969697
4118.518519
2572.463768
4692.883895
1787.644788
4735.849057
4118.518519
4728.464419
3554.945055
3470.909091
4734.962406
1787.644788
4692.883895
4723.684211
4550.75188
4680.970149
4080.0
3503.663004
4696.969697
4750.0
4733.082707
2856.630824
2856.630824
4692.883895
4696.969697
4104.779412
2572.463768
4661.710037
3503.663004
3470.909091
2856.630824
4734.962406
2540.262172
4734.962406
2540.262172
3281.25
2856.630824
2856.630824
2856.630824
4735.849057
4692.883895
4734.962406
4118.518519
4695.075758
4750.0
3281.25
2572.463768
4728.464419
4750.0
3470.909091
4723.684211
2856.630824
4118.518519
4515.037594
4085.766423
4692.883895
1787.644788
4728.464419
4104.779412
2540.262172
3281.25
2540.262172
4733.082707
4728.464419
4696.969697
4118.518519
4734.962406
4723.684211
1787.644788
4734.962406
4680.970149
4025.362319
1787.644788
2856.630824
4734.962406
4680.970149
1787.644788
4733.082707
2856.630824
4734.962406
3503.663004
4692.883895
4734.962406
4734.962406
1787.644788
4690.566038
4803.435115
4734.962406
4723.684211
4692.883895
1787.644788
3554.945055
3554.945055
2572.463768
4555.970149
4735.849057
4734.962406
4735.849057
3503.663004
4085.766423
1787.644788
4735.849057
3503.663004
4735.849057
4821.153846
4728.464419
2540.262172
1787.644788
4733.082707
4680.970149
4735.849057
4692.883895
4734.962406
4723.684211
4803.435115
1787.644788
2572.463768
1787.644788
4735.849057
2540.262172
4098.148148
4723.684211
1787.644788
3554.945055
3470.909091
4728.464419
4734.962406
4723.684211
4814.885496
4734.962406
4692.883895
4734.962406
4723.684211
4728.464419
3470.909091
3503.663004
3554.945055
4692.883895
4734.962406
4118.518519
4539.473684
4734.962406
3503.663004
2856.630824
4734.962406
2540.262172
4735.849057
1787.644788
3470.909091
4735.849057
4690.566038
3281.25
2856.630824
3281.25
3554.945055
4098.148148
3470.909091
4679.104478
2856.630824
4692.883895
2540.262172
2856.630824
2572.463768
2540.262172
4692.883895
4696.969697
4118.518519
4723.684211
3281.25
4723.684211
3281.25
4735.849057
4690.566038
4695.075758
2572.463768
2540.262172
4728.464419
4695.075758
2856.630824
4692.883895
4733.082707
4734.962406
3503.663004
4692.883895
1787.644788
4728.464419
4734.962406
4690.566038
4728.464419
2540.262172
4728.464419
4679.104478
4118.518519
4734.962406
4734.962406
4085.766423
4692.883895
4728.464419
2540.262172
4734.962406
1787.644788
1787.644788
4692.883895
4734.962406
4680.970149
4728.464419
4696.969697
4696.969697
3554.945055
2540.262172
4695.075758
4695.075758
4735.849057
4118.518519
4690.566038
3554.945055
2540.262172
2540.262172
4118.518519
4661.710037
4728.464419
4733.082707
4080.0
4098.148148
4733.082707
2572.463768
4735.849057
4679.104478
4723.684211
4734.962406
4679.104478
3503.663004
4734.962406
3281.25
2856.630824
4750.0
4695.075758
4554.307116
1787.644788
4696.969697
4735.849057
4733.082707
2572.463768
2572.463768
3470.909091
4692.883895
3503.663004
3503.663004
4734.962406
4118.518519
4734.962406
3470.909091
1787.644788
4118.518519
4690.566038
4696.969697
4734.962406
2540.262172
4734.962406
1787.644788
4690.566038
4734.962406
2540.262172
4104.779412
4814.885496
4733.082707
3470.909091
4692.883895
4118.518519
4118.518519
4735.849057
3917.279412
4692.883895
4728.464419
4695.075758
4696.969697
4735.849057
4750.0
1787.644788
4735.849057
4098.148148
4723.684211
4118.518519
4734.962406
4733.082707
4733.082707
4118.518519
4696.969697
3470.909091
4723.684211
1787.644788
2572.463768
4118.518519
3554.945055
4728.464419
3554.945055
4733.082707
3917.279412
4692.883895
4692.883895
2540.262172
1787.644788
4695.075758
2572.463768
4750.0
1787.644788
4679.104478
4723.684211
2572.463768
4118.518519
3470.909091
4728.464419
3470.909091
1787.644788
4733.082707
2540.262172
2856.630824
4733.082707
3281.25
2572.463768
4539.473684
2572.463768
4692.883895
4661.710037
4734.962406
4723.684211
4734.962406
3281.25
1787.644788
4723.684211
4734.962406
3917.279412
1787.644788
3470.909091
4085.766423
1787.644788
4734.962406
4692.883895
2572.463768
4695.075758
4734.962406
4803.435115
1787.644788
3470.909091
3281.25
2572.463768
4118.518519
3281.25
3554.945055
3281.25
4692.883895
4723.684211
4692.883895
3503.663004
4733.082707
4734.962406
4104.779412
2540.262172
2540.262172
3281.25
4692.883895
4728.464419
2856.630824
4692.883895
3554.945055
4735.849057
1787.644788
4692.883895
4661.710037
4728.464419
2540.262172
4661.710037
3503.663004
4661.710037
4695.075758
2572.463768
3470.909091
4104.779412
4692.883895
2856.630824
1787.644788
4734.962406
4734.962406
4695.075758
4696.969697
4750.0
2572.463768
2540.262172
3503.663004
2540.262172
4696.969697
4696.969697
4734.962406
4661.710037
4728.464419
4692.883895
4728.464419
4750.0
4734.962406
4690.566038
2856.630824
4723.684211
4679.104478
3281.25
2540.262172
3554.945055
4723.684211
4723.684211
3281.25
4733.082707
1787.644788
2856.630824
4692.883895
4733.082707
2572.463768
4104.779412
4735.849057
4118.518519
3554.945055
3281.25
4733.082707
4734.962406
4723.684211
4766.159696
4118.518519
4118.518519
2540.262172
3470.909091
4821.153846
2572.463768
4733.082707
4696.969697
4692.883895
2540.262172
4733.082707
1787.644788
4690.566038
3554.945055
4104.779412
4098.148148
4723.684211
4696.969697
4690.566038
2856.630824
3281.25
4680.970149
2540.262172
4735.849057
4750.0
4118.518519
4692.883895
3281.25
4735.849057
2856.630824
4735.849057
4679.104478
4803.435115
4766.159696
3470.909091
4692.883895
3281.25
1787.644788
3554.945055
3281.25
4696.969697
4692.883895
2540.262172
4680.970149
4680.970149
4098.148148
1787.644788
4695.075758
4692.883895
4728.464419
4823.076923
4692.883895
2540.262172
2572.463768
4750.0
4692.883895
4723.684211
4750.0
4696.969697
4085.766423
2540.262172
4098.148148
4696.969697
4735.849057
4118.518519
4695.075758
4734.962406
4733.082707
4723.684211
4723.684211
2540.262172
2540.262172
2540.262172
4728.464419
4728.464419
2572.463768
2572.463768
4723.684211
1787.644788
4692.883895
4661.710037
2540.262172
4696.969697
2540.262172
4723.684211
2540.262172
2856.630824
4735.849057
4723.684211
3281.25
4728.464419
4733.082707
4679.104478
1787.644788
4728.464419
2572.463768
4723.684211
1787.644788
1787.644788
4118.518519
3503.663004
1787.644788
4723.684211
4695.075758
1787.644788
4695.075758
4735.849057
4080.0
3281.25
4695.075758
2540.262172
4735.849057
2572.463768
2540.262172
4735.849057
4692.883895
1787.644788
4750.0
2856.630824
2540.262172
4025.362319
4690.566038
3554.945055
4734.962406
4723.684211
2540.262172
4735.849057
4690.566038
4750.0
4728.464419
4750.0
4734.962406
4733.082707
4734.962406
4735.849057
4692.883895
4728.464419
4680.970149
4734.962406
4735.849057
2856.630824
3554.945055
4680.970149
4696.969697
2856.630824
4080.0
4723.684211
3554.945055
4728.464419
4696.969697
4734.962406
4734.962406
4679.104478
4692.883895
2572.463768
4696.969697
4723.684211
4661.710037
4104.779412
2540.262172
4692.883895
4723.684211
4728.464419
4814.885496
4750.0
4814.885496
4750.0
4735.849057
4723.684211
2572.463768
2572.463768
3470.909091
3281.25
4098.148148
2540.262172
4734.962406
1787.644788
2540.262172
3470.909091
2540.262172
4723.684211
4733.082707
4734.962406
4728.464419
4680.970149
3470.909091
4118.518519
4735.849057
4723.684211
4680.970149
3470.909091
4735.849057
4728.464419
3917.279412
3554.945055
4734.962406
4734.962406
4104.779412
4734.962406
3281.25
2856.630824
2540.262172
4734.962406
4735.849057
4723.684211
4661.710037
3470.909091
2540.262172
2856.630824
4734.962406
3470.909091
3917.279412
4733.082707
4723.684211
1787.644788
4734.962406
3470.909091
4734.962406
4696.969697
2540.262172
4118.518519
4679.104478
4080.0
4728.464419
2540.262172
4728.464419
3281.25
4696.969697
3470.909091
4695.075758
4803.435115
2540.262172
4695.075758
2856.630824
4025.362319
4118.518519
3503.663004
4734.962406
4734.962406
4118.518519
3470.909091
4750.0
3503.663004
4690.566038
4118.518519
4118.518519
3503.663004
4695.075758
2572.463768
3470.909091
1787.644788
4733.082707
4104.779412
4680.970149
4734.962406
4734.962406
1787.644788
4692.883895
4098.148148
4696.969697
4723.684211
3554.945055
4692.883895
4735.849057
4696.969697
4692.883895
4692.883895
4104.779412
3470.909091
4733.082707
2572.463768
4104.779412
4692.883895
4734.962406
3503.663004
4690.566038
2856.630824
4734.962406
4734.962406
4750.0
4118.518519
4692.883895
2856.630824
3503.663004
2572.463768
4696.969697
3554.945055
4735.849057
4734.962406
2540.262172
2540.262172
3470.909091
4690.566038
4661.710037
2856.630824
4118.518519
4696.969697
4723.684211
4734.962406
4679.104478
4692.883895
4554.307116
4680.970149
4728.464419
3503.663004
2540.262172
2540.262172
4734.962406
4734.962406
2572.463768
2572.463768
3281.25
4118.518519
4723.684211
4085.766423
4104.779412
4735.849057
4085.766423
2856.630824
2540.262172
4723.684211
4733.082707
4750.0
2856.630824
4734.962406
4679.104478
4733.082707
2572.463768
4734.962406
4733.082707
4661.710037
2572.463768
2572.463768
4723.684211
3503.663004
2572.463768
2856.630824
4118.518519
1787.644788
4750.0
4118.518519
4723.684211
4734.962406
4723.684211
2540.262172
4692.883895
4696.969697
4734.962406
3554.945055
4695.075758
4080.0
4750.0
4118.518519
4734.962406
4734.962406
4695.075758
1787.644788
4696.969697
3470.909091
1787.644788
4728.464419
4734.962406
4734.962406
3554.945055
4734.962406
4734.962406
4696.969697
4696.969697
4696.969697
4695.075758
4728.464419
2856.630824
4734.962406
3281.25
4695.075758
3554.945055
1787.644788
4695.075758
4734.962406
2540.262172
4735.849057
4750.0
2540.262172
4696.969697
4735.849057
4696.969697
4750.0
4661.710037
2856.630824
4733.082707
4735.849057
3470.909091
3503.663004
