3470.909091
1787.644788
4734.962406
4734.962406
4723.684211
4696.969697
4690.566038
4118.518519
4734.962406
4679.104478
3470.909091
4080.0
2572.463768
3470.909091
4723.684211
4735.849057
4118.518519
4735.849057
3554.945055
2572.463768
4661.710037
4750.0
1787.644788
3503.663004
4118.518519
3503.663004
4733.082707
3281.25
4735.849057
4104.779412
3554.945055
4118.518519
4692.883895
4692.883895
4118.518519
4692.883895
4734.962406
2572.463768
4733.082707
3554.945055
4695.075758
4733.082707
3281.25
4118.518519
3470.909091
1787.644788
1787.644788
4735.849057
1787.644788
4734.962406
4750.0
4104.779412
4690.566038
1787.644788
4696.969697
4118.518519
4735.849057
4692.883895
4728.464419
4696.969697
3470.909091
4728.464419
4734.962406
2572.463768
4734.962406
4696.969697
2572.463768
3470.909091
4692.883895
2856.630824
3470.909091
4696.969697
3281.25
4734.962406
4723.684211
4661.710037
4104.779412
4734.962406
4728.464419
3281.25
2856.630824
2572.463768
4118.518519
3503.663004
4692.883895
3503.663004
2572.463768
3470.909091
4734.962406
4692.883895
2540.262172
3917.279412
1787.644788
4723.684211
4690.566038
4695.075758
2540.262172
3554.945055
2856.630824
2572.463768
4734.962406
4728.464419
4696.969697
3503.663004
4734.962406
4735.849057
2572.463768
4118.518519
4723.684211
4734.962406
4104.779412
3470.909091
4750.0
4735.849057
4696.969697
2540.262172
4723.684211
4696.969697
4692.883895
4723.684211
4728.464419
4733.082707
4692.883895
2572.463768
4723.684211
4734.962406
3470.909091
3281.25
4733.082707
1787.644788
4696.969697
3470.909091
4734.962406
4104.779412
4098.148148
3470.909091
2856.630824
4728.464419
4692.883895
3503.663004
4734.962406
4680.970149
2540.262172
4679.104478
4750.0
3470.909091
3503.663004
4723.684211
1787.644788
4735.849057
2572.463768
4735.849057
2856.630824
3554.945055
4734.962406
4661.710037
4734.962406
3281.25
4690.566038
1787.644788
4696.969697
4734.962406
4750.0
4735.849057
4118.518519
4692.883895
4680.970149
2540.262172
2540.262172
3554.945055
2572.463768
4692.883895
4733.082707
4104.779412
4696.969697
4085.766423
4735.849057
1787.644788
4734.962406
2856.630824
4734.962406
4734.962406
4692.883895
4692.883895
4661.710037
4734.962406
2572.463768
4679.104478
4728.464419
3470.909091
4692.883895
4695.075758
4118.518519
2856.630824
4734.962406
4734.962406
4723.684211
4080.0
3503.663004
2540.262172
4696.969697
4750.0
1787.644788
4734.962406
4118.518519
4080.0
2856.630824
4728.464419
4733.082707
4692.883895
4735.849057
4723.684211
4734.962406
3281.25
4803.435115
4735.849057
4692.883895
2540.262172
3554.945055
4733.082707
3554.945055
2856.630824
3503.663004
3554.945055
3281.25
4679.104478
1787.644788
2856.630824
4098.148148
4679.104478
3281.25
4733.082707
3470.909091
3470.909091
2572.463768
3917.279412
4695.075758
3554.945055
4696.969697
4690.566038
2856.630824
1787.644788
1787.644788
3470.909091
2572.463768
4728.464419
4750.0
3554.945055
4728.464419
4734.962406
4750.0
1787.644788
3554.945055
3554.945055
4723.684211
4118.518519
4692.883895
4695.075758
1787.644788
3554.945055
4025.362319
4696.969697
2856.630824
4555.970149
4104.779412
4555.970149
3554.945055
4696.969697
4723.684211
2572.463768
4728.464419
3554.945055
1787.644788
4803.435115
4690.566038
3554.945055
4679.104478
4104.779412
4750.0
4734.962406
4723.684211
4735.849057
4692.883895
3554.945055
4104.779412
4679.104478
4728.464419
4118.518519
3281.25
4750.0
2856.630824
4734.962406
4734.962406
4735.849057
4735.849057
2856.630824
2540.262172
4735.849057
2540.262172
4692.883895
2856.630824
4735.849057
3554.945055
4692.883895
4734.962406
4735.849057
4733.082707
4692.883895
2540.262172
4735.849057
4723.684211
4723.684211
4733.082707
4728.464419
4728.464419
2856.630824
2572.463768
4734.962406
4735.849057
2540.262172
2856.630824
4734.962406
4750.0
2540.262172
4695.075758
4080.0
4118.518519
4735.849057
4734.962406
1787.644788
4118.518519
3281.25
2856.630824
4696.969697
2572.463768
4734.962406
2856.630824
3281.25
3503.663004
4734.962406
4104.779412
4723.684211
3281.25
4728.464419
2572.463768
2856.630824
3503.663004
2540.262172
4734.962406
1787.644788
4735.849057
2572.463768
4692.883895
2572.463768
1787.644788
4118.518519
2572.463768
3503.663004
4735.849057
4735.849057
2540.262172
4696.969697
3503.663004
3470.909091
4118.518519
2572.463768
1787.644788
1787.644788
4695.075758
4734.962406
4735.849057
4690.566038
4723.684211
4118.518519
4690.566038
4679.104478
4118.518519
4750.0
4723.684211
4734.962406
1787.644788
4734.962406
4734.962406
4750.0
4734.962406
4696.969697
4661.710037
4098.148148
4733.082707
4690.566038
4085.766423
4734.962406
3554.945055
4728.464419
3503.663004
4080.0
4734.962406
4104.779412
2856.630824
4734.962406
1787.644788
4661.710037
2572.463768
2856.630824
4733.082707
4723.684211
4692.883895
4728.464419
1787.644788
4723.684211
4734.962406
3470.909091
4118.518519
2540.262172
4104.779412
4680.970149
4735.849057
3503.663004
4735.849057
4025.362319
4723.684211
4733.082707
4734.962406
2856.630824
4695.075758
4803.435115
2856.630824
4098.148148
4085.766423
4734.962406
4750.0
4734.962406
2572.463768
4750.0
2572.463768
4750.0
2572.463768
4104.779412
3470.909091
3554.945055
2856.630824
3470.909091
1787.644788
4733.082707
4735.849057
4692.883895
4734.962406
2540.262172
4098.148148
4803.435115
3470.909091
4118.518519
4734.962406
4735.849057
4118.518519
4692.883895
2856.630824
1787.644788
4735.849057
1787.644788
4696.969697
4661.710037
4750.0
3554.945055
4118.518519
2540.262172
2572.463768
4723.684211
3554.945055
4735.849057
3554.945055
4734.962406
4696.969697
4735.849057
4733.082707
4692.883895
2572.463768
2540.262172
4118.518519
2572.463768
4696.969697
3470.909091
4080.0
3554.945055
4734.962406
4750.0
4733.082707
4695.075758
4118.518519
4080.0
2856.630824
1787.644788
4728.464419
4690.566038
2856.630824
4118.518519
3554.945055
4118.518519
4750.0
1787.644788
4695.075758
2572.463768
1787.644788
3554.945055
2572.463768
4728.464419
1787.644788
2540.262172
2572.463768
4734.962406
4734.962406
4750.0
2572.463768
4728.464419
4734.962406
2540.262172
4692.883895
4734.962406
4680.970149
4735.849057
3554.945055
4728.464419
2540.262172
2572.463768
4734.962406
4750.0
4680.970149
4814.885496
4735.849057
3281.25
4735.849057
4750.0
4695.075758
4728.464419
4735.849057
4734.962406
3503.663004
4550.75188
4735.849057
4735.849057
2540.262172
3503.663004
4679.104478
4555.970149
4692.883895
1787.644788
3281.25
2856.630824
4735.849057
2572.463768
4118.518519
3554.945055
4750.0
4750.0
3470.909091
4680.970149
4814.885496
4728.464419
4679.104478
4728.464419
2856.630824
2540.262172
4118.518519
4728.464419
1787.644788
4723.684211
4080.0
2540.262172
3470.909091
2572.463768
4735.849057
4750.0
4680.970149
4695.075758
2572.463768
4098.148148
1787.644788
3470.909091
3281.25
4695.075758
2540.262172
4728.464419
4728.464419
3554.945055
4098.148148
1787.644788
4118.518519
3554.945055
4661.710037
4696.969697
4690.566038
2856.630824
4680.970149
2572.463768
3503.663004
4695.075758
2540.262172
2856.630824
4696.969697
4661.710037
4690.566038
4734.962406
3554.945055
4690.566038
4821.153846
1787.644788
4098.148148
3554.945055
4692.883895
3470.909091
4734.962406
4695.075758
4734.962406
4690.566038
3470.909091
4728.464419
4728.464419
4735.849057
2572.463768
4734.962406
4680.970149
4728.464419
4692.883895
4661.710037
4680.970149
2856.630824
4696.969697
3470.909091
4696.969697
4692.883895
2540.262172
4104.779412
3554.945055
4766.159696
1787.644788
4696.969697
4696.969697
2856.630824
4728.464419
4695.075758
3503.663004
2540.262172
4750.0
3281.25
2540.262172
4750.0
4118.518519
3554.945055
3503.663004
4696.969697
4098.148148
4734.962406
4723.684211
2572.463768
4728.464419
4696.969697
2540.262172
3503.663004
2540.262172
4734.962406
4723.684211
3470.909091
3470.909091
4696.969697
4728.464419
1787.644788
4723.684211
4734.962406
4734.962406
4733.082707
3503.663004
4734.962406
2572.463768
3554.945055
4692.883895
2856.630824
4750.0
4735.849057
2540.262172
1787.644788
4692.883895
4734.962406
3281.25
4690.566038
3281.25
4723.684211
4696.969697
4750.0
4695.075758
1787.644788
3470.909091
1787.644788
1787.644788
3470.909091
3554.945055
4723.684211
2572.463768
3470.909091
4679.104478
3470.909091
4750.0
4098.148148
4728.464419
4734.962406
2856.630824
4104.779412
4728.464419
4728.464419
4723.684211
4734.962406
4695.075758
4690.566038
4118.518519
2856.630824
2540.262172
4728.464419
3503.663004
4104.779412
4733.082707
4679.104478
4692.883895
4696.969697
4734.962406
4679.104478
4098.148148
4728.464419
4728.464419
4025.362319
4723.684211
4696.969697
4696.969697
4735.849057
2572.463768
4696.969697
4734.962406
4728.464419
4695.075758
1787.644788
2540.262172
4814.885496
4723.684211
4723.684211
2572.463768
3470.909091
1787.644788
3470.909091
4733.082707
3554.945055
2572.463768
1787.644788
4118.518519
4696.969697
4728.464419
4118.518519
4735.849057
4734.962406
4696.969697
4734.962406
2572.463768
4104.779412
4723.684211
4696.969697
4696.969697
4733.082707
4679.104478
4734.962406
4750.0
4098.148148
1787.644788
4661.710037
3503.663004
3281.25
4118.518519
4695.075758
4734.962406
4692.883895
2540.262172
4734.962406
4098.148148
4734.962406
2572.463768
3470.909091
4104.779412
4118.518519
4733.082707
2540.262172
2540.262172
3281.25
2540.262172
4734.962406
4723.684211
3503.663004
4692.883895
4695.075758
2856.630824
4735.849057
2572.463768
4728.464419
4118.518519
4025.362319
4696.969697
4690.566038
4695.075758
4723.684211
4728.464419
4750.0
4692.883895
4734.962406
4723.684211
4750.0
4750.0
4661.710037
4723.684211
4734.962406
4692.883895
4735.849057
4692.883895
2572.463768
3503.663004
4728.464419
2856.630824
3917.279412
4728.464419
4750.0
4679.104478
4723.684211
4695.075758
4734.962406
4696.969697
4733.082707
3554.945055
1787.644788
4735.849057
4692.883895
3503.663004
3470.909091
4734.962406
4734.962406
4104.779412
4692.883895
4734.962406
4733.082707
1787.644788
4696.969697
4696.969697
4733.082707
3554.945055
2572.463768
4692.883895
4692.883895
4723.684211
4750.0
4692.883895
4118.518519
4661.710037
2540.262172
4734.962406
4734.962406
2856.630824
4734.962406
1787.644788
4735.849057
4080.0
4723.684211
4085.766423
4680.970149
4696.969697
4728.464419
4692.883895
4728.464419
2572.463768
4539.473684
4735.849057
4118.518519
4696.969697
2572.463768
4733.082707
4750.0
4728.464419
4690.566038
4750.0
4734.962406
4728.464419
4723.684211
3917.279412
4723.684211
3470.909091
3503.663004
4539.473684
2572.463768
4723.684211
3503.663004
4692.883895
4734.962406
3503.663004
4734.962406
2856.630824
3470.909091
3554.945055
4690.566038
4750.0
4734.962406
4734.962406
2572.463768
4723.684211
4728.464419
3281.25
4734.962406
4690.566038
2540.262172
4723.684211
3917.279412
4680.970149
4692.883895
4692.883895
3470.909091
4085.766423
4723.684211
4734.962406
4735.849057
4735.849057
4692.883895
4728.464419
3554.945055
4735.849057
4734.962406
4104.779412
3281.25
4696.969697
4735.849057
4696.969697
2540.262172
3470.909091
4723.684211
4735.849057
3281.25
4728.464419
3503.663004
3503.663004
4750.0
4680.970149
4690.566038
2572.463768
4735.849057
4734.962406
4723.684211
4728.464419
4750.0
4735.849057
4679.104478
1787.644788
2540.262172
4735.849057
1787.644788
4734.962406
4735.849057
4402.173913
4025.362319
3503.663004
4723.684211
4735.849057
4118.518519
4735.849057
4696.969697
4696.969697
4821.153846
4803.435115
4750.0
4733.082707
4735.849057
2856.630824
4085.766423
4679.104478
1787.644788
4814.885496
4025.362319
4728.464419
3554.945055
4728.464419
4118.518519
4733.082707
4696.969697
4734.962406
4723.684211
3470.909091
1787.644788
4696.969697
2856.630824
2572.463768
1787.644788
3503.663004
4728.464419
4728.464419
2540.262172
4554.307116
2856.630824
4735.849057
4734.962406
2856.630824
4696.969697
4692.883895
4723.684211
4118.518519
2540.262172
1787.644788
4728.464419
3503.663004
4734.962406
4696.969697
3281.25
4733.082707
4733.082707
4696.969697
4728.464419
3281.25
3554.945055
1787.644788
4728.464419
4723.684211
2856.630824
4734.962406
2540.262172
2540.262172
3503.663004
3470.909091
4750.0
4696.969697
4690.566038
1787.644788
4734.962406
4750.0
4734.962406
4104.779412
4735.849057
4728.464419
4734.962406
3554.945055
1787.644788
2856.630824
2572.463768
4723.684211
2572.463768
4750.0
3470.909091
2540.262172
4661.710037
4118.518519
4734.962406
2540.262172
4734.962406
4661.710037
4692.883895
2572.463768
4733.082707
4723.684211
4661.710037
4734.962406
4814.885496
3470.909091
1787.644788
4690.566038
1787.644788
3470.909091
4823.076923
3470.909091
4728.464419
4734.962406
3281.25
2540.262172
4728.464419
4728.464419
4733.082707
4692.883895
4104.779412
4734.962406
4734.962406
4118.518519
4733.082707
3470.909091
4104.779412
4734.962406
4750.0
4723.684211
4118.518519
3503.663004
4661.710037
4734.962406
3470.909091
4118.518519
4735.849057
3503.663004
4098.148148
4554.307116
2540.262172
4750.0
2856.630824
3554.945055
4118.518519
4750.0
4803.435115
4695.075758
4728.464419
4750.0
4735.849057
4734.962406
3503.663004
4695.075758
4734.962406
3554.945055
2856.630824
4118.518519
4723.684211
4728.464419
2572.463768
4734.962406
3503.663004
4734.962406
4750.0
2540.262172
4692.883895
4733.082707
2856.630824
3554.945055
4735.849057
4723.684211
4692.883895
4692.883895
1787.644788
3503.663004
4104.779412
4696.969697
4692.883895
4723.684211
2540.262172
3470.909091
4692.883895
2572.463768
4723.684211
4734.962406
4695.075758
4098.148148
4735.849057
3503.663004
4750.0
3503.663004
3554.945055
4728.464419
3281.25
3470.909091
4728.464419
4696.969697
4118.518519
4735.849057
2856.630824
4690.566038
4104.779412
4750.0
4723.684211
4733.082707
4723.684211
3554.945055
4690.566038
4118.518519
4728.464419
4723.684211
1787.644788
4723.684211
2572.463768
3503.663004
4735.849057
4750.0
4750.0
2856.630824
4734.962406
4735.849057
2856.630824
3917.279412
4696.969697
4733.082707
3503.663004
2540.262172
4735.849057
4734.962406
4735.849057
3503.663004
1787.644788
4734.962406
4661.710037
3503.663004
4692.883895
4734.962406
4734.962406
4723.684211
4690.566038
4735.849057
4680.970149
3281.25
4692.883895
2856.630824
4118.518519
4734.962406
4723.684211
4696.969697
1787.644788
4696.969697
4735.849057
4733.082707
4734.962406
4723.684211
2856.630824
3554.945055
2856.630824
3503.663004
4734.962406
4723.684211
4735.849057
4733.082707
4723.684211
4733.082707
4735.849057
2856.630824
4118.518519
2540.262172
4735.849057
4750.0
4734.962406
4734.962406
4750.0
4695.075758
2540.262172
1787.644788
3470.909091
2540.262172
4679.104478
2540.262172
4692.883895
4661.710037
4692.883895
4733.082707
4098.148148
4098.148148
4695.075758
4728.464419
4728.464419
4695.075758
2572.463768
4118.518519
2540.262172
3554.945055
4661.710037
4723.684211
4734.962406
3470.909091
4734.962406
4728.464419
4723.684211
2856.630824
2572.463768
4733.082707
4735.849057
2856.630824
