2540.262172
4735.849057
4733.082707
2572.463768
4118.518519
4733.082707
2572.463768
2856.630824
2572.463768
2856.630824
4118.518519
2856.630824
4695.075758
4695.075758
4692.883895
4696.969697
2572.463768
4734.962406
4735.849057
3281.25
4728.464419
4696.969697
4728.464419
4098.148148
4734.962406
3917.279412
4696.969697
2856.630824
4695.075758
2540.262172
4118.518519
2856.630824
1787.644788
4728.464419
2856.630824
4696.969697
2572.463768
3503.663004
2572.463768
4080.0
3470.909091
4104.779412
2540.262172
4723.684211
2540.262172
3470.909091
4735.849057
4692.883895
4661.710037
4734.962406
4733.082707
4733.082707
4104.779412
4734.962406
4696.969697
3917.279412
3554.945055
3281.25
4734.962406
2856.630824
3470.909091
4750.0
4104.779412
4734.962406
4696.969697
2572.463768
1787.644788
4734.962406
4728.464419
2856.630824
4728.464419
1787.644788
3503.663004
4692.883895
2540.262172
1787.644788
4118.518519
4696.969697
4695.075758
2540.262172
4098.148148
4692.883895
3503.663004
4728.464419
3470.909091
3503.663004
4692.883895
4679.104478
4661.710037
2856.630824
3554.945055
4733.082707
2572.463768
4723.684211
3554.945055
4734.962406
4728.464419
4695.075758
3503.663004
2540.262172
2856.630824
4680.970149
4695.075758
3470.909091
4692.883895
1787.644788
3281.25
4692.883895
3554.945055
4734.962406
4690.566038
3281.25
4118.518519
4728.464419
2572.463768
2572.463768
2540.262172
3470.909091
3470.909091
4696.969697
2540.262172
4735.849057
4735.849057
4728.464419
4734.962406
4735.849057
2572.463768
4734.962406
2540.262172
4696.969697
1787.644788
4750.0
3503.663004
4723.684211
3470.909091
4723.684211
2572.463768
4695.075758
4821.153846
1787.644788
4733.082707
4696.969697
4690.566038
1787.644788
2856.630824
3470.909091
4803.435115
4696.969697
4692.883895
4118.518519
2540.262172
2540.262172
2572.463768
4734.962406
2856.630824
4025.362319
3470.909091
4692.883895
3281.25
4821.153846
3503.663004
4734.962406
3281.25
4734.962406
2572.463768
4735.849057
4734.962406
3554.945055
4696.969697
1787.644788
4690.566038
4104.779412
4769.811321
4696.969697
3470.909091
4695.075758
4750.0
4118.518519
4733.082707
3917.279412
4734.962406
3503.663004
4733.082707
4098.148148
3281.25
4696.969697
4750.0
4734.962406
4723.684211
4723.684211
4085.766423
2540.262172
4661.710037
2540.262172
4728.464419
4692.883895
4695.075758
4733.082707
4692.883895
4734.962406
4750.0
4750.0
2856.630824
4118.518519
4733.082707
3554.945055
4728.464419
4695.075758
2856.630824
4734.962406
1787.644788
4735.849057
4734.962406
4692.883895
4692.883895
4104.779412
3470.909091
4695.075758
4734.962406
4723.684211
2572.463768
3503.663004
4690.566038
4104.779412
4661.710037
4695.075758
3503.663004
4814.885496
3554.945055
4733.082707
3470.909091
4695.075758
4695.075758
2540.262172
4680.970149
4692.883895
4690.566038
4814.885496
1787.644788
4696.969697
3281.25
4723.684211
2572.463768
3470.909091
4728.464419
4734.962406
4723.684211
4118.518519
4750.0
4692.883895
2856.630824
4723.684211
4733.082707
4734.962406
4690.566038
4723.684211
4690.566038
4733.082707
4696.969697
4513.157895
3554.945055
3281.25
2540.262172
4723.684211
2856.630824
4734.962406
4735.849057
4118.518519
1787.644788
4696.969697
4680.970149
4118.518519
4680.970149
4728.464419
4733.082707
4734.962406
4750.0
4733.082707
4679.104478
2540.262172
4734.962406
4695.075758
4118.518519
1787.644788
4734.962406
4723.684211
4734.962406
1787.644788
3503.663004
4750.0
2856.630824
4692.883895
3554.945055
3503.663004
4104.779412
4723.684211
4695.075758
4695.075758
2572.463768
4692.883895
4692.883895
4679.104478
4728.464419
4696.969697
4723.684211
3503.663004
4723.684211
4735.849057
4690.566038
4735.849057
4723.684211
2540.262172
4118.518519
4734.962406
4733.082707
4728.464419
4750.0
2572.463768
4696.969697
4750.0
4733.082707
4692.883895
4723.684211
2856.630824
4723.684211
4734.962406
4104.779412
4692.883895
4723.684211
4723.684211
4728.464419
4104.779412
4735.849057
4734.962406
4728.464419
4750.0
4679.104478
4679.104478
2540.262172
2540.262172
4696.969697
3917.279412
4696.969697
4025.362319
2572.463768
4723.684211
3470.909091
4696.969697
4735.849057
3470.909091
4734.962406
4728.464419
2540.262172
4821.153846
3470.909091
4723.684211
1787.644788
3503.663004
3554.945055
4734.962406
4104.779412
3554.945055
4690.566038
4728.464419
4734.962406
4734.962406
4735.849057
4025.362319
3470.909091
1787.644788
2540.262172
4734.962406
4750.0
4080.0
4723.684211
4734.962406
4692.883895
2540.262172
4750.0
2572.463768
4696.969697
4661.710037
4728.464419
3470.909091
4723.684211
4692.883895
3554.945055
3470.909091
4692.883895
4728.464419
2540.262172
4085.766423
1787.644788
4690.566038
4085.766423
4728.464419
4661.710037
4735.849057
4692.883895
3554.945055
2572.463768
4692.883895
4750.0
4735.849057
4723.684211
4733.082707
2856.630824
3554.945055
2572.463768
4696.969697
3554.945055
3470.909091
2856.630824
3554.945055
4555.970149
4734.962406
4733.082707
2540.262172
2856.630824
4734.962406
4750.0
4085.766423
3554.945055
4696.969697
4734.962406
4696.969697
4734.962406
1787.644788
2856.630824
4692.883895
4734.962406
4734.962406
4080.0
4104.779412
4734.962406
4734.962406
2572.463768
3503.663004
4734.962406
3281.25
3554.945055
4735.849057
3503.663004
2540.262172
4690.566038
3554.945055
1787.644788
2572.463768
3281.25
3503.663004
2572.463768
2856.630824
4661.710037
4723.684211
4696.969697
2856.630824
4735.849057
1787.644788
3554.945055
4750.0
3503.663004
4118.518519
2572.463768
4118.518519
2540.262172
3503.663004
4104.779412
4690.566038
3554.945055
4734.962406
4728.464419
2856.630824
4734.962406
4750.0
4692.883895
4821.153846
4734.962406
3470.909091
4733.082707
3554.945055
4692.883895
3554.945055
3470.909091
2540.262172
4723.684211
2856.630824
3554.945055
4696.969697
4728.464419
4735.849057
2856.630824
3503.663004
4692.883895
4750.0
2540.262172
4750.0
4118.518519
3281.25
4723.684211
2540.262172
1787.644788
4025.362319
4692.883895
1787.644788
4821.153846
4098.148148
4734.962406
3503.663004
4085.766423
2572.463768
4723.684211
4692.883895
4735.849057
4118.518519
3470.909091
4696.969697
3470.909091
3470.909091
4696.969697
4733.082707
4750.0
4733.082707
4723.684211
2856.630824
4692.883895
4734.962406
4690.566038
3503.663004
4728.464419
4723.684211
4728.464419
1787.644788
4734.962406
2572.463768
4723.684211
4695.075758
3470.909091
4679.104478
4750.0
3470.909091
4803.435115
4679.104478
4735.849057
3470.909091
4734.962406
4696.969697
4733.082707
3503.663004
3554.945055
4733.082707
4735.849057
4728.464419
4750.0
4679.104478
4696.969697
4734.962406
4515.037594
3470.909091
4735.849057
4680.970149
4734.962406
2540.262172
1787.644788
3554.945055
1787.644788
4734.962406
4098.148148
4723.684211
4723.684211
4733.082707
4118.518519
4025.362319
4734.962406
2856.630824
4696.969697
4695.075758
2540.262172
3554.945055
2856.630824
4734.962406
4735.849057
1787.644788
4734.962406
4118.518519
4118.518519
4734.962406
2572.463768
2856.630824
4735.849057
4734.962406
4085.766423
4750.0
4734.962406
4728.464419
4734.962406
4723.684211
2572.463768
4118.518519
4728.464419
4695.075758
4723.684211
4733.082707
4750.0
1787.644788
4695.075758
4104.779412
4692.883895
4696.969697
3554.945055
4098.148148
2540.262172
4695.075758
4750.0
4735.849057
3281.25
3281.25
3554.945055
4734.962406
4696.969697
4735.849057
4734.962406
4735.849057
4118.518519
4723.684211
4750.0
4733.082707
4734.962406
4728.464419
2856.630824
4118.518519
4723.684211
3470.909091
2572.463768
4735.849057
4750.0
3554.945055
4690.566038
3554.945055
3470.909091
4750.0
1787.644788
2540.262172
2572.463768
4692.883895
3554.945055
3503.663004
4695.075758
4723.684211
2572.463768
4080.0
4735.849057
4728.464419
4679.104478
4661.710037
4118.518519
4696.969697
3554.945055
4734.962406
2572.463768
4728.464419
4118.518519
4734.962406
4734.962406
4661.710037
3281.25
4735.849057
2572.463768
4734.962406
4735.849057
3503.663004
4680.970149
4723.684211
2856.630824
4692.883895
2572.463768
4734.962406
4118.518519
4690.566038
2856.630824
4723.684211
4728.464419
4104.779412
4750.0
2572.463768
4690.566038
3554.945055
2572.463768
4750.0
4696.969697
4695.075758
4734.962406
4750.0
3470.909091
2572.463768
2540.262172
2540.262172
3470.909091
4734.962406
4695.075758
4735.849057
4692.883895
2540.262172
4098.148148
1787.644788
4723.684211
4085.766423
1787.644788
4728.464419
3503.663004
4661.710037
4734.962406
4728.464419
4733.082707
3470.909091
4750.0
4104.779412
4735.849057
4025.362319
4750.0
1787.644788
4696.969697
4733.082707
4680.970149
4734.962406
3503.663004
2856.630824
4734.962406
4734.962406
4025.362319
3470.909091
4690.566038
4098.148148
3281.25
4695.075758
4690.566038
4118.518519
4696.969697
4733.082707
4695.075758
3554.945055
1787.644788
4695.075758
3503.663004
4750.0
4723.684211
4118.518519
4692.883895
4118.518519
4723.684211
4690.566038
4728.464419
4085.766423
2540.262172
2540.262172
4750.0
3554.945055
4118.518519
2572.463768
3470.909091
4723.684211
4692.883895
4692.883895
4695.075758
4118.518519
4723.684211
2856.630824
4734.962406
4728.464419
2856.630824
4750.0
4734.962406
4734.962406
4735.849057
4695.075758
4723.684211
2540.262172
3470.909091
4661.710037
4692.883895
4750.0
2856.630824
4735.849057
4734.962406
4692.883895
4803.435115
4085.766423
4733.082707
2540.262172
4118.518519
4728.464419
4750.0
4098.148148
4695.075758
4735.849057
4692.883895
2540.262172
4696.969697
3470.909091
4734.962406
3554.945055
2856.630824
4733.082707
4690.566038
4692.883895
2572.463768
4680.970149
3281.25
4118.518519
4723.684211
4080.0
4679.104478
4734.962406
4735.849057
4692.883895
2856.630824
3470.909091
2856.630824
4695.075758
2572.463768
2856.630824
4735.849057
4734.962406
2856.630824
4098.148148
4734.962406
3470.909091
4550.75188
4733.082707
4735.849057
4733.082707
4734.962406
2856.630824
4735.849057
2572.463768
2856.630824
2856.630824
2572.463768
4692.883895
2572.463768
3554.945055
3281.25
4680.970149
3554.945055
4695.075758
4733.082707
4692.883895
4734.962406
4695.075758
2540.262172
4728.464419
4695.075758
2572.463768
2540.262172
3554.945055
4821.153846
4734.962406
3503.663004
4733.082707
4695.075758
3470.909091
4723.684211
4118.518519
4696.969697
4680.970149
4695.075758
4823.076923
4803.435115
4696.969697
4692.883895
4735.849057
4118.518519
4750.0
4734.962406
4734.962406
4695.075758
3470.909091
4104.779412
4692.883895
4803.435115
4679.104478
2856.630824
4680.970149
1787.644788
4692.883895
4735.849057
4118.518519
4734.962406
4098.148148
4733.082707
4696.969697
1787.644788
4085.766423
4695.075758
4661.710037
3503.663004
4723.684211
4733.082707
4735.849057
2856.630824
4733.082707
4735.849057
3470.909091
4695.075758
4723.684211
4734.962406
4690.566038
3554.945055
3470.909091
4750.0
4735.849057
4118.518519
4696.969697
4733.082707
4735.849057
4723.684211
2856.630824
4679.104478
3503.663004
4118.518519
4695.075758
4555.970149
4728.464419
4785.440613
4118.518519
4104.779412
1787.644788
3281.25
4723.684211
3554.945055
3503.663004
3503.663004
4696.969697
4692.883895
4728.464419
4735.849057
4803.435115
4661.710037
4734.962406
4692.883895
4104.779412
1787.644788
4085.766423
4734.962406
3503.663004
4118.518519
4080.0
4723.684211
4733.082707
3917.279412
1787.644788
3281.25
4555.970149
4750.0
4734.962406
4728.464419
3470.909091
4728.464419
4734.962406
4692.883895
2572.463768
2540.262172
4723.684211
3554.945055
4692.883895
4690.566038
2540.262172
4728.464419
3554.945055
4723.684211
4734.962406
4733.082707
4692.883895
3503.663004
4692.883895
4696.969697
3554.945055
4723.684211
4728.464419
4728.464419
1787.644788
4728.464419
4733.082707
4085.766423
4733.082707
4728.464419
4734.962406
4692.883895
4734.962406
4734.962406
4692.883895
4118.518519
4118.518519
2540.262172
2540.262172
2572.463768
4728.464419
4692.883895
4695.075758
1787.644788
3554.945055
4118.518519
4723.684211
1787.644788
2540.262172
4735.849057
4104.779412
4728.464419
4696.969697
4735.849057
4734.962406
4723.684211
4733.082707
4723.684211
2572.463768
1787.644788
4692.883895
4661.710037
2572.463768
1787.644788
2572.463768
1787.644788
4695.075758
4690.566038
4734.962406
4734.962406
4728.464419
4692.883895
4734.962406
1787.644788
2540.262172
4692.883895
2856.630824
4750.0
4734.962406
3470.909091
4661.710037
4696.969697
4695.075758
4723.684211
4118.518519
4690.566038
4734.962406
3470.909091
4735.849057
2856.630824
4723.684211
2572.463768
2856.630824
4734.962406
2540.262172
4692.883895
4692.883895
4695.075758
2540.262172
4723.684211
4750.0
2540.262172
1787.644788
2540.262172
4723.684211
4025.362319
4118.518519
4734.962406
4723.684211
4118.518519
3503.663004
4723.684211
4734.962406
4118.518519
4735.849057
4734.962406
2856.630824
4695.075758
4735.849057
4692.883895
2572.463768
4733.082707
3554.945055
1787.644788
4696.969697
2572.463768
4080.0
4696.969697
3554.945055
4696.969697
4728.464419
2540.262172
4735.849057
4696.969697
2572.463768
2856.630824
4735.849057
3503.663004
4723.684211
4750.0
4733.082707
2856.630824
2856.630824
4550.75188
2540.262172
4733.082707
2540.262172
4733.082707
3470.909091
3470.909091
4733.082707
2540.262172
4734.962406
4734.962406
4690.566038
4692.883895
4750.0
4696.969697
1787.644788
3917.279412
4734.962406
4692.883895
4734.962406
4735.849057
4690.566038
4734.962406
4118.518519
2856.630824
1787.644788
4823.076923
2856.630824
4118.518519
3470.909091
4696.969697
2540.262172
3470.909091
4750.0
4025.362319
1787.644788
2856.630824
4734.962406
2856.630824
4735.849057
3470.909091
4750.0
4118.518519
4692.883895
3503.663004
4723.684211
3470.909091
4661.710037
4735.849057
4692.883895
4695.075758
4733.082707
4728.464419
4696.969697
2856.630824
4735.849057
4734.962406
4692.883895
4680.970149
4734.962406
3470.909091
3503.663004
1787.644788
4696.969697
4735.849057
4735.849057
3554.945055
2540.262172
3281.25
4104.779412
4735.849057
4734.962406
4098.148148
4750.0
4735.849057
4692.883895
2572.463768
3503.663004
4692.883895
4734.962406
4733.082707
4734.962406
2856.630824
2540.262172
3470.909091
4735.849057
3503.663004
4723.684211
1787.644788
4733.082707
2540.262172
4723.684211
3554.945055
2540.262172
4728.464419
4118.518519
4750.0
2856.630824
4723.684211
4734.962406
3470.909091
4690.566038
4661.710037
4734.962406
4679.104478
2572.463768
4769.811321
2856.630824
4098.148148
4550.75188
4735.849057
1787.644788
4735.849057
4733.082707
3503.663004
4750.0
4734.962406
4733.082707
4750.0
4734.962406
3281.25
1787.644788
4661.710037
2856.630824
4728.464419
2572.463768
4734.962406
4728.464419
4734.962406
4118.518519
4734.962406
2856.630824
3554.945055
3470.909091
1787.644788
2540.262172
4723.684211
4750.0
4750.0
4723.684211
4734.962406
4118.518519
2856.630824
4734.962406
4692.883895
2572.463768
4690.566038
4734.962406
4734.962406
4734.962406
2572.463768
2572.463768
4803.435115
1787.644788
4680.970149
4734.962406
2540.262172
4728.464419
4735.849057
1787.644788
3554.945055
2540.262172
4735.849057
