0
295
575
594
608
590
890
646
312
743
453
804
983
319
768
384
953
98
977
610
798
1013
495
330
950
250
275
703
677
949
626
802
599
215
492
406
578
193
145
869
202
993
220
619
603
558
119
486
372
873
588
420
507
655
863
487
416
396
916
163
995
418
239
831
835
881
442
225
966
623
237
784
176
143
187
853
645
489
419
931
511
353
386
990
456
679
704
505
389
488
475
130
806
876
403
841
179
867
764
234
341
365
26
254
897
208
73
29
884
782
148
105
908
913
424
1019
859
461
350
284
625
255
604
786
314
344
388
113
816
349
733
391
706
261
842
571
458
440
149
667
323
351
74
491
251
509
417
988
6
593
514
106
579
136
307
991
494
161
355
454
658
975
739
111
186
362
864
478
423
583
971
740
524
562
958
780
684
899
834
978
934
597
303
32
664
398
200
201
633
1003
182
722
778
698
731
31
726
315
20
359
297
693
1008
969
399
465
720
885
525
427
549
911
346
987
871
846
556
852
830
269
213
550
518
203
513
627
408
749
72
394
506
470
364
104
542
414
154
896
854
639
50
902
951
701
948
387
789
18
481
529
325
856
537
360
618
777
925
158
699
512
865
57
426
771
181
813
371
560
434
724
870
226
252
296
333
1002
435
320
994
832
651
516
326
108
340
654
904
24
224
586
927
933
43
960
783
531
682
521
65
788
921
235
402
211
482
433
328
460
569
893
938
375
67
125
961
796
85
366
710
397
638
199
736
89
476
894
707
1009
692
728
563
257
401
25
805
62
54
901
22
956
705
178
409
285
412
80
352
965
766
280
244
498
452
986
924
1012
144
708
198
273
817
463
800
175
582
606
554
166
287
980
882
793
380
754
196
131
616
153
1006
609
116
910
649
493
887
541
672
757
82
737
759
959
76
858
262
490
861
962
390
240
49
732
567
691
331
64
400
87
70
985
653
373
719
496
45
662
756
545
753
156
900
392
137
238
718
121
142
681
595
446
797
976
811
271
23
581
694
584
702
96
919
425
711
4
291
157
1016
617
167
738
115
368
191
652
300
930
245
357
363
308
429
686
382
555
553
671
826
803
723
917
810
1010
539
277
102
61
247
585
872
580
763
135
670
294
35
21
428
767
631
227
376
260
165
228
751
100
241
30
687
659
689
613
151
53
735
926
997
955
36
369
107
12
229
850
448
358
535
874
697
138
184
866
547
451
450
190
480
395
63
918
462
189
311
483
954
464
814
437
791
855
824
644
661
55
683
101
565
868
650
141
170
744
928
1
721
598
929
905
123
989
246
68
204
205
28
840
779
52
185
81
676
729
162
192
459
665
180
329
92
674
696
46
526
274
760
1004
944
117
263
836
484
59
236
574
922
839
42
937
940
71
792
774
219
875
88
734
818
438
468
221
801
634
77
332
862
920
93
84
615
564
883
747
473
903
339
828
188
174
999
445
935
591
281
1015
286
1014
715
907
14
39
519
242
838
249
528
140
216
727
415
272
636
356
171
889
266
795
669
209
923
124
467
557
118
879
776
936
815
164
807
466
233
11
114
447
827
471
568
643
60
790
848
497
504
725
520
122
543
974
628
374
310
214
536
898
663
173
212
19
501
820
37
752
968
998
58
282
823
13
393
1001
657
318
695
40
668
172
278
155
217
660
485
605
745
168
982
587
673
34
943
253
3
90
2
530
503
601
218
268
635
439
500
288
647
688
979
844
957
741
532
914
758
892
195
479
66
1005
632
385
177
17
714
1017
973
10
97
321
857
812
630
981
544
939
309
256
5
620
327
159
860
405
750
383
992
248
342
381
851
1007
629
264
808
847
552
276
16
932
455
316
301
523
849
517
134
785
210
443
410
422
970
551
607
746
1011
762
880
322
576
573
8
548
546
527
675
379
441
243
305
522
265
41
127
133
624
538
232
730
83
972
48
843
112
129
413
612
770
69
996
377
700
139
906
444
952
678
258
685
964
877
338
984
223
712
474
7
421
912
637
354
809
614
436
769
183
510
430
306
120
570
404
533
666
772
559
611
298
641
449
1000
110
86
572
895
794
47
343
103
819
742
348
946
621
577
717
206
886
324
837
431
888
302
561
336
293
207
152
99
222
230
648
622
146
1018
825
378
457
713
299
942
95
761
91
334
472
477
128
656
27
290
160
370
499
150
259
313
566
75
600
602
317
748
709
821
716
361
44
799
407
915
337
909
231
9
941
833
502
773
51
15
194
270
132
589
967
197
367
432
345
126
829
891
534
283
878
680
289
945
540
79
640
515
109
411
755
642
147
822
335
596
292
781
947
845
963
592
765
787
469
169
508
304
33
94
279
690
38
78
267
347
56
775