0
823
703
810
784
192
67
704
410
854
81
297
444
766
555
460
862
709
28
782
48
970
82
933
181
864
169
798
323
352
654
291
838
758
942
481
979
53
882
802
357
576
990
244
121
850
11
587
85
255
373
7
381
449
844
337
272
8
832
840
527
699
512
538
585
912
661
162
283
59
155
790
505
437
77
938
868
369
731
611
907
718
728
536
928
918
495
943
693
70
316
513
658
944
951
539
558
89
139
303
574
681
476
888
312
129
142
772
494
911
774
807
92
781
503
560
671
17
463
414
701
128
395
103
580
39
305
252
945
702
473
88
488
264
376
717
669
306
605
931
228
153
209
561
20
223
959
292
962
97
656
967
411
215
75
214
674
548
157
120
721
378
896
691
459
188
795
849
550
824
242
436
887
63
49
686
332
329
167
949
621
683
659
78
547
506
903
779
177
880
941
327
629
98
293
232
730
309
734
857
358
973
318
719
501
740
448
551
483
403
1
594
756
619
197
996
603
732
801
651
531
282
975
939
174
954
116
74
170
484
176
736
847
992
870
952
290
692
119
108
860
993
160
265
117
700
452
968
543
472
331
831
507
947
916
600
274
131
213
455
601
800
64
982
240
388
390
270
76
524
698
926
55
622
400
398
124
977
84
590
679
976
707
913
791
809
534
630
149
678
256
885
834
281
598
750
196
125
504
212
386
628
738
499
989
497
826
307
900
235
27
595
542
720
257
883
454
140
920
570
696
69
439
988
562
635
884
804
532
151
965
138
371
754
227
23
872
260
179
837
869
207
780
112
856
168
314
298
835
366
515
334
339
216
855
30
632
104
164
556
52
286
667
670
859
150
344
529
803
130
466
199
96
829
5
87
338
874
342
152
36
724
579
927
383
876
32
267
675
62
771
143
762
971
706
320
191
433
690
604
406
29
428
593
419
243
879
80
830
677
296
187
173
423
904
9
715
666
335
427
301
514
641
102
474
618
533
953
402
891
755
974
263
141
434
172
195
479
578
695
377
645
299
137
391
863
79
457
44
994
818
673
980
710
15
287
234
111
91
761
478
319
413
273
158
991
510
636
726
42
393
978
245
783
46
892
972
384
591
643
95
493
685
134
908
662
220
249
190
998
361
521
221
127
615
353
4
581
470
258
841
948
644
490
467
268
25
412
749
544
198
806
21
65
343
852
985
981
446
743
146
492
208
940
424
799
770
853
489
201
746
22
14
468
186
248
57
288
986
185
789
18
250
776
936
509
744
380
73
422
680
387
516
326
599
159
432
345
231
819
797
364
451
38
349
502
280
189
431
607
224
200
218
392
821
960
325
937
165
233
875
827
60
540
889
866
873
51
156
648
816
480
997
324
631
541
193
336
348
106
845
646
689
817
363
132
950
902
37
697
711
415
925
528
486
372
100
407
308
251
202
520
517
597
625
577
812
425
535
133
50
445
360
582
575
764
917
440
43
346
929
890
688
592
340
31
914
475
90
404
935
2
729
194
178
612
333
549
161
500
519
966
226
447
450
94
113
676
573
792
909
253
3
894
877
735
684
647
763
370
757
922
276
642
634
72
278
769
898
315
399
465
180
787
571
230
356
374
858
583
733
522
793
145
627
222
865
934
956
687
563
379
341
382
126
144
136
61
554
652
33
969
650
714
623
71
566
254
359
16
665
321
511
6
367
895
166
394
638
836
614
893
310
660
147
846
469
963
811
546
12
385
295
409
54
289
747
389
924
767
657
99
672
68
921
624
759
753
639
206
47
45
375
271
794
871
294
175
184
237
955
236
765
397
930
19
304
815
93
813
464
775
640
105
899
553
317
565
768
109
596
471
247
238
210
664
107
86
545
843
354
496
405
101
259
217
867
848
668
987
203
441
537
568
739
609
586
808
401
805
552
589
796
964
958
182
24
163
110
564
485
620
861
741
183
491
211
35
41
456
910
752
682
313
416
396
66
694
26
418
961
347
56
773
825
205
957
269
229
518
10
557
482
786
983
219
713
613
708
118
261
822
748
742
530
569
633
712
443
984
897
365
115
523
745
171
905
820
246
13
828
760
442
588
417
508
572
429
351
901
946
915
123
487
477
40
277
626
737
421
285
453
788
311
279
567
617
751
649
705
526
716
584
878
204
723
932
322
408
154
839
777
814
368
328
608
655
919
114
458
906
842
241
602
58
851
239
616
881
225
727
637
430
284
350
462
300
122
275
923
722
778
438
606
610
525
426
785
302
725
833
355
995
663
34
83
559
653
886
498
420
435
148
461
135
362
262
266
330