0
255
579
906
193
798
434
915
607
450
149
802
675
18
863
903
246
626
666
999
551
757
888
45
259
987
195
439
949
983
932
909
917
237
995
867
693
135
472
85
764
115
548
970
327
542
1000
25
347
965
937
446
232
590
659
192
144
644
1019
379
316
252
971
580
454
496
373
667
42
629
665
82
526
645
198
993
904
266
207
880
157
3
519
892
824
396
132
179
813
826
704
587
381
428
372
41
280
646
879
203
20
37
908
285
412
482
46
67
124
344
865
378
920
947
499
239
655
617
346
90
133
563
213
47
463
745
942
978
150
53
58
494
426
911
286
557
869
49
716
969
13
139
335
80
614
923
189
979
559
541
690
864
322
692
657
146
429
796
743
151
221
967
895
850
11
516
222
905
596
972
384
284
811
491
99
71
465
506
925
26
772
976
238
130
840
1012
560
269
790
841
732
545
292
167
833
447
948
588
591
70
984
333
695
10
5
409
15
23
621
215
612
444
401
145
297
779
862
452
106
503
350
598
498
622
152
530
868
485
218
568
417
119
38
108
511
484
355
891
433
901
84
277
674
354
425
671
253
341
955
236
478
825
814
854
599
199
669
1004
105
797
467
936
751
759
556
263
312
110
754
941
853
168
786
103
402
696
385
348
247
676
338
225
349
635
329
57
943
200
304
461
69
250
330
94
427
717
537
62
875
641
988
775
763
481
196
658
56
994
8
682
893
648
719
6
860
921
946
735
765
974
186
793
834
432
508
639
126
68
419
836
523
858
300
555
264
367
131
1016
352
776
339
852
74
939
881
138
325
479
487
822
1001
566
78
351
600
125
694
889
408
605
832
871
672
660
278
688
733
547
442
55
527
273
595
64
480
205
406
319
172
293
804
471
403
308
455
12
394
538
820
907
594
630
2
569
54
918
760
460
490
416
777
208
500
800
752
33
884
153
662
386
422
228
767
698
981
533
391
39
986
572
525
271
497
315
392
93
843
430
109
477
180
633
397
507
43
734
554
382
887
847
615
96
299
1
565
501
302
962
473
464
910
358
631
398
375
723
812
158
182
360
582
197
578
650
181
583
423
714
170
703
928
489
314
268
677
778
229
317
113
731
902
781
301
663
345
211
561
169
766
161
19
34
212
710
960
136
380
73
141
783
689
857
187
531
739
282
502
963
160
807
295
896
753
303
785
668
383
687
276
44
114
50
926
40
975
159
885
914
784
60
369
540
183
782
1010
340
685
134
191
31
1013
254
651
678
924
311
332
973
916
543
488
81
573
449
964
166
990
707
240
66
356
121
448
202
866
387
878
411
294
882
872
957
726
958
725
944
935
575
272
390
577
701
876
72
886
98
474
102
952
954
810
744
653
443
307
845
361
593
298
470
305
342
1011
664
399
52
148
610
562
576
532
747
75
88
357
584
279
609
931
173
343
1014
313
140
549
950
846
877
720
209
86
262
670
83
625
828
1005
737
486
809
142
736
89
727
359
16
520
728
201
773
608
217
715
706
718
652
510
451
104
873
257
616
176
636
220
400
632
65
76
961
550
251
504
801
459
14
613
628
407
1017
729
788
819
185
529
898
226
22
799
171
649
4
581
697
248
774
601
453
959
100
894
721
1015
457
844
321
364
260
431
567
283
365
647
190
230
261
1008
466
178
838
404
709
116
741
128
147
980
162
323
940
242
184
770
51
241
492
585
275
371
985
740
992
524
413
803
1007
966
897
258
791
1002
643
231
79
756
224
92
638
328
711
586
564
469
768
288
223
175
929
829
713
996
377
620
749
118
574
389
730
738
977
368
602
388
640
418
761
922
188
997
310
821
97
445
112
405
899
289
522
495
214
870
758
331
410
831
17
830
787
163
618
681
476
818
291
440
424
194
686
795
206
475
35
606
859
24
334
513
627
982
216
420
462
762
120
505
493
441
518
204
306
571
48
890
792
287
702
267
235
95
362
528
712
456
30
938
326
374
244
558
699
991
414
265
233
835
691
1009
570
546
36
256
544
155
435
320
154
856
953
637
63
808
370
21
32
634
956
366
748
919
539
874
642
861
851
998
683
769
227
724
101
927
421
842
28
624
468
805
1018
219
839
137
989
552
122
363
951
597
780
700
934
353
174
437
722
245
395
415
177
534
274
438
553
945
742
7
436
336
164
337
77
604
91
509
249
1006
837
296
623
679
849
603
309
210
156
848
512
483
855
705
318
107
111
794
746
1003
684
535
393
817
589
521
270
59
243
806
165
29
816
913
234
9
611
823
968
290
933
281
117
771
61
129
515
789
656
619
755
376
673
458
517
900
912
680
930
536
27
143
661
827
592
127
324
87
815
708
123
514
883
750
654