0
280
183
1009
204
70
547
411
318
469
415
232
132
785
843
649
198
193
76
137
814
937
235
496
77
754
598
324
105
983
589
753
11
345
167
729
59
582
292
812
866
391
140
538
309
13
313
681
217
511
364
466
631
797
639
648
426
197
654
588
749
980
244
606
549
382
686
740
416
954
620
955
634
459
856
607
401
492
475
417
79
903
437
6
694
412
497
396
948
668
31
581
336
425
849
143
571
614
476
488
975
597
951
579
71
548
629
587
72
489
274
839
792
617
347
89
883
695
9
423
276
282
539
26
119
878
456
52
249
439
807
924
932
296
711
553
388
781
278
325
949
340
95
261
126
730
747
263
644
53
86
554
290
771
993
225
256
881
477
87
399
314
534
403
962
302
264
737
887
972
465
390
215
85
60
430
930
818
346
94
630
897
341
40
628
236
996
186
652
284
625
146
525
551
68
786
756
837
462
762
718
517
321
299
988
1016
601
875
506
33
532
383
734
880
800
498
816
915
871
239
484
154
268
48
441
157
575
192
890
722
667
560
624
563
494
271
552
303
590
659
93
164
863
728
322
202
806
724
910
616
523
50
32
267
527
739
16
701
304
500
721
638
521
114
864
758
769
804
250
421
376
925
978
688
593
145
305
712
107
326
101
540
279
184
584
944
472
869
207
332
174
231
442
892
720
815
562
561
700
767
794
283
310
761
139
964
381
640
968
234
984
891
564
28
62
1005
124
128
690
474
852
130
708
2
90
455
20
175
533
669
684
454
45
171
935
493
409
876
752
448
41
838
353
917
74
896
960
168
966
370
860
994
857
190
542
759
297
751
844
181
120
555
853
12
526
596
118
889
230
301
14
422
680
764
374
674
218
528
330
418
530
660
1017
715
350
918
901
295
841
149
591
808
144
75
772
461
35
247
655
413
763
385
765
658
840
698
213
958
269
931
83
858
873
505
799
568
15
782
776
151
502
54
619
147
508
770
642
704
661
337
328
742
977
778
360
683
468
407
766
773
664
745
339
576
361
1014
971
919
19
63
557
482
312
245
879
600
707
161
899
317
802
679
685
777
520
882
18
150
485
173
479
646
196
920
486
210
982
755
323
757
921
266
449
558
512
103
990
893
663
665
610
342
847
963
916
545
222
307
805
846
861
1011
874
609
735
541
746
320
727
923
531
182
544
867
291
138
647
253
670
826
451
1006
514
716
516
387
657
277
795
331
255
242
371
608
961
113
258
338
170
1010
288
836
286
432
1003
780
121
237
895
51
447
169
61
987
298
349
212
567
293
522
535
272
315
845
73
942
470
123
289
936
922
862
825
419
768
682
822
906
627
775
827
641
23
877
211
397
583
141
572
632
888
136
981
1
233
569
602
392
375
96
106
446
599
637
434
363
524
913
1013
621
270
427
25
160
850
386
821
653
810
287
200
30
43
177
789
365
179
732
102
976
464
97
406
180
675
208
356
796
604
731
378
7
574
435
333
912
943
612
559
228
635
433
273
127
17
262
36
744
265
444
504
188
529
98
499
973
398
491
44
914
116
741
354
933
713
362
394
29
970
820
162
926
24
389
833
868
603
723
673
65
368
829
945
959
80
706
623
911
452
453
678
84
408
784
613
377
645
811
783
790
1007
458
556
122
927
626
842
3
42
938
672
384
1008
803
21
928
823
940
986
974
281
410
1019
100
885
956
285
692
830
67
348
66
10
91
172
238
592
405
854
519
546
719
112
536
109
99
835
615
436
294
859
908
697
380
1004
187
227
108
46
570
404
133
420
366
39
319
939
798
997
357
774
367
886
550
518
947
254
691
865
738
463
78
965
651
81
884
252
201
809
57
402
900
787
509
178
243
831
801
38
998
110
343
636
760
135
717
457
779
725
8
501
259
1001
979
209
335
224
37
813
117
393
372
195
308
306
203
246
537
22
159
578
565
275
129
991
414
656
851
115
155
257
58
56
344
428
134
677
633
969
650
156
703
992
450
176
967
49
395
158
27
957
733
440
480
355
34
622
189
1000
902
64
1015
5
47
311
483
743
206
750
714
995
152
788
216
229
82
611
791
166
513
300
643
709
478
503
199
443
566
445
111
185
316
221
952
950
580
710
909
595
104
471
223
260
220
515
240
832
870
226
352
705
481
793
824
329
573
585
699
214
662
379
577
131
495
848
205
219
358
817
736
904
828
142
696
934
748
165
1012
543
989
473
941
148
424
460
490
1002
894
666
999
373
605
689
872
369
676
438
191
510
929
241
251
946
429
248
618
400
855
327
487
55
125
985
69
163
907
467
88
905
194
153
726
431
693
953
898
586
351
671
687
4
819
702
507
834
92
359
594
1018
334