0
511
961
550
437
524
406
470
27
942
178
130
788
171
245
478
237
116
475
452
539
758
507
585
872
555
209
320
387
54
549
865
103
307
418
602
739
755
241
603
349
871
254
17
504
314
328
8
134
255
813
946
654
591
444
796
1004
622
33
562
386
176
832
714
517
1014
901
671
198
515
469
375
709
439
738
12
395
948
829
617
175
169
932
808
748
332
407
388
341
953
498
945
940
624
1001
669
416
577
354
440
545
408
785
15
420
200
30
334
35
790
856
727
445
403
710
296
609
971
231
541
289
780
338
225
560
505
873
46
883
807
551
180
794
421
889
564
370
287
556
147
508
292
167
950
290
371
356
719
509
532
211
593
57
97
265
335
450
242
240
810
76
222
26
528
1011
111
311
373
510
725
931
746
579
594
630
227
454
455
625
544
775
649
720
986
112
778
681
783
448
218
678
374
382
538
397
638
977
805
37
963
120
812
771
104
627
102
21
583
955
101
982
703
677
949
613
558
345
839
841
220
877
302
751
874
351
98
590
106
825
869
552
221
823
745
415
933
814
321
72
434
207
161
670
711
757
202
831
665
884
252
45
94
499
364
144
326
141
798
152
843
860
350
84
278
784
442
91
172
348
905
63
768
77
935
801
43
569
92
419
965
686
384
1008
411
273
359
145
612
913
576
246
331
426
959
1015
191
929
774
13
791
337
744
380
456
398
83
67
65
750
40
266
363
16
183
133
704
716
358
998
119
918
724
981
840
281
960
898
816
655
250
947
217
943
34
652
733
853
279
531
500
148
105
123
973
1009
210
641
436
271
261
804
648
904
410
605
868
138
586
238
818
447
129
881
824
282
653
162
192
453
467
494
633
787
297
676
362
58
62
432
862
232
1012
74
799
527
643
20
214
706
122
275
697
658
923
554
154
135
293
657
107
229
186
79
756
606
920
93
422
886
88
543
1005
924
696
195
31
620
288
867
536
730
909
764
277
339
294
309
547
976
631
484
695
701
29
890
462
174
914
367
417
267
770
443
660
765
187
465
636
233
689
346
280
573
236
23
698
25
521
146
571
563
256
366
340
199
919
247
197
752
978
68
997
99
286
303
315
352
769
599
561
482
604
817
518
580
592
797
834
487
852
880
204
393
616
584
702
342
427
336
2
383
781
109
902
951
726
44
89
365
993
127
196
680
47
188
1006
36
975
1018
463
800
707
114
291
610
587
115
687
900
80
749
223
139
61
108
567
615
776
136
212
285
42
249
878
244
589
466
806
762
4
149
723
712
268
708
635
377
675
491
994
760
381
822
361
819
611
497
73
623
639
78
854
324
38
581
5
7
474
270
483
614
991
173
782
927
516
87
736
969
405
110
690
851
962
496
69
310
409
502
295
557
308
895
10
155
160
59
970
520
855
731
19
473
811
461
486
372
989
939
936
203
795
921
51
85
999
131
143
1017
299
519
86
480
300
533
485
158
740
165
761
269
786
992
6
319
728
353
401
837
164
888
844
95
460
325
55
430
626
28
301
846
329
876
82
1013
621
215
632
793
857
705
996
523
849
897
305
390
773
226
206
715
987
700
1019
789
646
185
1000
488
530
850
503
802
495
597
435
803
896
140
684
190
441
75
582
553
644
312
826
189
100
729
501
458
958
323
327
735
540
284
168
53
847
820
741
413
66
679
845
425
471
151
699
833
753
529
767
922
306
258
228
1003
915
906
394
9
464
667
628
565
39
672
911
985
402
446
537
360
925
661
481
542
875
983
259
257
747
60
476
376
737
908
662
322
659
838
618
642
343
601
916
230
754
619
378
32
208
379
568
966
1007
142
213
118
535
907
492
957
263
182
431
451
18
692
235
954
333
429
821
216
194
512
121
391
713
668
283
859
864
90
316
693
779
177
685
941
157
944
317
50
428
137
974
56
22
721
682
688
673
607
264
792
964
396
132
423
81
990
205
1010
313
125
930
984
318
298
766
663
575
835
369
525
842
412
489
645
595
64
887
972
150
570
224
414
759
357
968
70
546
438
732
392
506
830
368
344
559
651
647
472
201
828
166
513
934
522
304
493
891
870
718
24
664
650
980
882
400
41
988
952
995
262
912
490
734
113
596
979
239
656
128
219
848
433
956
574
566
827
251
184
260
634
674
457
899
11
742
248
272
355
243
937
276
777
910
193
1016
892
836
347
772
629
234
49
153
3
449
866
885
572
179
159
399
424
637
385
253
534
330
124
156
863
71
926
917
743
468
722
894
809
117
1002
879
600
578
861
514
608
479
52
967
48
763
588
815
893
526
903
404
126
598
477
928
548
640
717
181
96
389
1
666
858
938
274
694
691
163
14
170
459
683