0
124
836
457
959
573
735
933
634
92
388
898
893
245
680
206
222
718
559
662
794
145
225
378
649
544
203
136
785
861
77
65
972
118
597
318
911
874
869
453
160
494
4
260
7
285
638
247
83
43
677
802
842
751
711
522
96
308
56
912
462
425
495
39
1016
843
724
384
420
994
988
679
192
91
172
977
208
34
1015
286
433
108
525
311
867
381
608
783
288
468
180
314
905
485
465
466
922
502
798
780
765
171
567
324
440
962
528
863
371
663
214
870
587
658
401
560
1002
953
33
547
889
613
417
627
830
310
182
241
814
477
776
377
829
955
947
53
387
727
950
693
37
109
555
546
231
300
990
682
313
335
279
687
523
1006
36
558
934
733
280
113
464
734
2
805
781
512
332
942
500
227
581
195
841
823
507
615
393
639
191
323
503
254
133
664
971
844
402
268
779
364
644
804
609
419
284
394
865
833
633
878
551
75
346
176
967
316
890
55
276
15
984
906
574
123
965
1007
660
678
121
745
690
880
50
736
411
694
379
339
957
530
103
862
539
174
70
29
595
903
20
646
423
849
757
11
345
653
749
691
252
884
363
659
877
454
722
667
355
816
27
479
966
623
699
818
579
319
125
873
941
853
294
981
847
67
1019
424
194
636
391
330
399
964
767
672
531
812
446
320
924
235
656
661
910
463
303
936
147
272
652
79
1014
770
185
80
216
472
376
40
326
292
134
786
992
439
416
954
645
761
476
721
960
72
461
84
51
140
789
668
665
909
771
239
178
939
173
556
700
370
821
709
317
159
524
835
848
935
624
167
82
38
676
628
698
373
102
21
372
69
674
651
632
104
566
882
642
689
631
1
99
684
366
444
19
932
614
250
768
705
840
282
557
105
44
537
650
188
725
256
569
25
774
839
144
111
146
599
506
291
98
773
248
142
41
707
1009
792
229
944
151
10
916
59
790
290
71
338
130
715
515
610
478
552
347
772
232
888
860
198
175
312
974
361
561
200
799
301
240
42
811
360
753
127
158
152
828
322
86
189
577
128
801
540
88
875
224
817
975
923
210
156
350
989
592
993
331
64
731
846
467
438
246
486
543
904
315
618
900
647
186
612
575
177
550
412
427
48
309
52
716
496
738
474
695
337
116
796
139
619
31
881
894
304
589
952
859
24
383
421
395
590
945
526
605
278
673
230
407
976
409
220
978
713
163
422
635
449
756
365
832
213
219
367
596
948
747
35
983
68
141
703
199
943
255
845
712
492
985
616
106
73
266
348
508
237
226
432
777
532
928
187
228
806
357
295
57
475
819
968
520
759
637
354
782
510
491
588
536
450
95
493
207
920
625
576
497
795
549
442
341
704
329
554
748
858
930
521
270
594
293
30
696
436
535
987
791
297
606
740
607
601
946
218
375
269
273
737
655
110
12
1000
854
654
181
583
447
415
413
758
604
148
215
45
973
931
305
451
571
458
541
831
243
101
565
752
89
899
302
600
22
49
872
580
710
131
410
374
61
851
60
445
418
351
764
871
717
16
489
275
542
6
431
1004
484
18
708
921
1001
657
137
517
568
166
473
621
482
886
913
902
97
100
562
3
629
209
852
685
9
404
283
970
630
570
321
153
261
837
995
982
170
593
143
775
527
834
221
259
217
119
688
538
820
274
499
392
892
864
430
277
996
157
470
306
938
868
813
504
298
726
961
435
675
362
307
969
487
135
253
883
47
85
999
76
810
382
352
257
390
788
271
488
264
8
149
114
327
582
46
907
115
885
408
991
234
534
670
586
826
697
138
584
183
617
720
233
760
344
480
406
979
251
162
267
236
443
396
117
856
380
762
578
87
1018
855
728
603
803
66
553
754
197
336
62
669
190
23
746
368
949
545
956
281
750
132
896
876
403
937
778
857
529
822
94
193
262
263
611
516
434
385
719
763
919
683
455
980
349
211
671
706
702
926
242
452
490
825
918
626
81
815
400
1011
998
1013
343
437
13
744
258
168
505
342
356
563
299
591
5
666
827
641
456
986
328
1003
732
739
441
405
1017
205
460
169
340
120
150
809
730
58
448
891
469
887
414
429
514
797
129
915
723
917
26
74
838
914
784
498
602
90
17
93
164
204
879
179
908
808
426
927
741
807
398
850
196
122
895
1005
112
743
397
287
997
925
1012
940
212
386
800
692
1010
249
643
513
511
107
238
929
201
963
126
951
483
358
793
223
714
428
78
265
359
901
787
620
244
161
459
501
640
622
471
866
325
701
155
598
548
519
769
165
154
729
518
572
958
289
585
648
686
184
564
509
766
63
54
481
681
14
824
1008
333
389
32
296
533
742
28
334
755
353
202
897
369