0
500
289
540
731
378
855
728
719
17
981
807
320
99
473
756
18
174
497
91
147
352
498
65
610
780
454
400
720
413
572
469
235
466
349
80
217
223
918
934
512
683
932
414
721
329
114
264
487
586
531
567
381
810
191
323
698
126
144
135
253
380
872
690
16
665
432
847
553
574
203
819
239
585
525
475
5
846
273
344
162
57
263
603
787
791
166
151
236
716
153
325
395
103
573
456
282
542
116
410
737
823
702
928
78
361
732
220
160
903
624
789
843
496
1004
49
441
705
578
85
427
919
628
362
471
68
198
22
849
113
32
76
770
84
529
43
327
291
776
227
636
511
107
1015
192
822
834
59
562
965
817
72
647
105
430
164
887
838
169
594
450
598
40
604
549
611
816
319
60
369
259
429
233
744
396
343
778
390
773
584
492
917
865
569
336
730
535
889
150
210
518
8
251
193
648
532
330
377
588
591
463
479
167
383
90
589
515
50
121
951
614
700
250
605
915
35
740
763
297
197
366
213
148
748
56
837
334
513
86
360
170
468
829
645
668
493
474
21
583
769
901
727
370
419
181
785
54
117
571
745
878
989
723
530
521
747
859
760
908
742
646
1008
491
94
288
961
183
813
173
746
850
45
300
548
12
354
23
315
465
616
482
245
894
274
316
699
911
7
74
939
714
798
393
317
510
905
219
115
687
570
643
669
376
184
775
27
786
104
29
960
4
556
891
534
177
667
364
711
13
46
686
367
972
522
311
717
852
371
806
485
159
272
879
575
661
209
332
439
949
128
861
67
657
945
920
761
373
660
695
417
3
246
979
782
832
629
98
484
654
243
579
1001
234
443
755
102
907
397
308
796
848
592
767
691
172
811
783
619
509
416
537
133
342
428
651
587
634
418
947
750
398
963
386
886
726
536
79
339
108
777
30
751
593
514
642
664
453
630
379
599
617
620
365
898
706
544
858
710
394
506
988
830
310
353
883
122
984
680
709
61
36
950
62
608
896
924
876
857
656
1007
206
902
254
260
331
129
287
877
156
139
631
202
19
63
155
51
925
302
994
818
995
966
507
1009
425
662
974
321
738
955
503
452
552
92
970
75
676
729
828
1005
445
387
406
681
472
141
914
1010
655
186
6
247
625
356
701
83
188
66
372
697
952
292
561
884
976
841
314
82
229
404
283
913
158
298
405
606
347
340
909
385
937
1019
286
9
516
422
741
868
41
964
504
916
462
827
626
299
409
547
623
207
402
948
271
990
885
301
442
437
805
132
825
10
674
752
33
423
794
685
800
64
424
194
671
826
230
124
37
835
42
279
851
735
187
28
564
906
222
449
168
464
985
457
999
458
772
559
415
101
47
131
600
766
969
208
401
261
138
812
560
11
265
1018
1012
733
682
927
375
899
568
70
627
1017
621
612
97
978
110
743
820
802
890
284
214
488
864
149
125
146
266
481
808
262
679
345
55
221
127
998
953
993
237
774
703
199
1014
790
73
307
639
355
359
304
200
224
677
163
694
792
20
543
873
341
179
25
501
109
1002
797
270
382
337
232
541
431
34
622
833
44
285
161
577
803
663
704
346
467
840
448
333
478
408
558
607
123
140
975
294
26
921
363
971
713
880
996
242
649
100
238
582
795
276
470
977
328
460
670
938
421
204
241
708
440
566
641
228
580
81
935
48
652
869
931
973
718
134
724
845
290
517
322
338
399
520
673
526
494
145
189
860
350
486
392
545
212
684
278
226
824
831
533
757
324
689
480
438
403
640
696
490
293
882
897
508
142
477
565
275
411
524
351
764
666
959
306
218
734
178
523
157
992
618
539
527
644
991
856
348
936
956
444
489
958
997
615
555
249
38
455
609
119
154
433
781
14
768
268
707
225
967
678
93
601
267
874
69
900
391
596
495
1013
722
602
930
923
53
590
881
613
784
231
904
910
765
171
165
374
389
31
2
940
941
658
804
461
295
801
420
632
407
240
1003
1016
749
980
136
799
946
201
675
313
483
871
922
809
1
368
814
211
256
793
551
933
312
954
866
844
839
519
635
96
499
867
692
672
982
280
244
152
688
779
459
88
725
426
143
358
309
436
942
712
821
653
637
957
546
842
929
762
39
554
190
205
326
71
1006
277
118
926
862
106
1011
550
987
137
771
983
736
502
893
130
196
15
281
252
412
95
895
875
576
258
581
305
836
357
269
815
962
943
968
739
434
447
335
557
176
476
77
185
120
986
257
248
195
451
175
182
296
528
912
693
659
180
318
595
446
854
388
892
759
863
753
58
111
758
1000
754
650
255
215
597
888
303
24
638
89
870
853
216
563
435
538
944
52
633
788
112
87
715
384
505