0
140
669
321
590
528
315
809
785
250
947
272
274
20
318
373
943
137
572
588
310
298
882
189
986
667
786
434
604
158
378
383
169
414
130
637
304
735
401
719
683
1001
845
833
631
388
757
904
988
270
787
527
857
487
835
344
122
512
503
545
926
306
148
427
793
154
871
184
891
202
539
396
916
681
109
791
297
246
626
324
822
994
400
660
852
968
496
435
928
751
929
945
777
303
937
156
914
656
83
752
607
466
538
552
472
927
728
241
743
498
225
664
37
220
606
201
779
18
959
407
662
960
161
625
991
1012
731
523
463
665
27
585
872
962
930
44
647
497
639
347
547
177
251
389
488
591
180
223
541
730
364
89
978
14
79
837
587
195
589
199
212
551
375
1015
5
755
1009
862
985
534
780
121
31
309
758
440
269
666
561
200
171
944
222
829
658
708
897
3
286
934
576
345
799
422
514
536
385
289
288
509
322
433
479
91
549
645
620
462
746
981
314
182
597
812
129
190
903
453
175
893
4
430
754
399
792
537
555
767
1008
21
26
795
864
611
461
170
915
710
820
92
419
494
111
781
205
726
40
183
505
525
727
680
176
218
50
32
61
594
35
192
624
698
464
694
480
450
517
165
132
950
997
883
108
204
909
917
143
459
415
570
78
491
688
632
984
425
185
316
457
522
455
279
749
772
164
596
955
28
152
417
601
370
912
519
23
682
689
33
1000
996
734
43
696
397
970
25
193
240
363
1018
701
796
713
387
612
81
331
294
254
454
692
436
847
608
217
967
356
392
977
228
957
877
558
58
910
725
65
410
879
98
826
325
630
888
216
874
789
739
855
327
919
332
118
573
870
925
413
126
255
86
706
896
923
283
775
532
159
337
609
729
29
638
695
699
260
471
553
302
600
22
732
206
313
335
868
902
529
114
543
778
813
213
550
935
284
119
798
441
674
7
285
317
362
448
969
610
391
714
1016
892
101
141
932
831
59
2
593
801
113
142
586
338
492
384
756
249
426
71
983
359
760
546
60
305
390
828
684
19
933
643
764
406
100
150
844
723
215
824
885
818
784
80
162
403
640
873
759
704
88
810
931
94
646
745
103
418
946
579
827
343
677
253
276
564
484
432
449
52
742
469
621
371
301
105
736
49
208
416
155
106
619
439
965
686
544
278
578
408
402
178
783
368
30
806
151
10
769
428
958
207
231
747
975
954
715
319
744
341
116
475
247
128
800
1019
559
173
478
886
229
398
102
765
62
354
956
678
540
16
982
348
97
500
595
856
644
224
133
830
64
198
670
445
668
438
191
353
1014
232
308
653
333
423
1005
526
243
966
861
766
451
355
374
649
762
145
39
557
869
227
556
123
627
924
939
567
899
920
326
613
513
76
120
884
11
54
911
160
707
693
263
548
153
993
740
989
648
12
259
187
721
654
840
281
890
832
267
905
485
47
634
676
629
179
907
1010
429
922
941
376
149
380
738
138
424
823
336
753
655
790
219
6
134
144
804
486
794
17
901
850
211
733
849
863
307
750
865
84
51
221
741
465
697
349
533
404
574
516
940
524
980
906
323
287
93
657
372
854
66
842
838
381
851
987
817
275
87
605
703
244
949
722
266
774
599
894
477
716
867
501
705
702
569
979
782
139
805
329
554
290
104
110
13
258
691
181
292
358
9
675
671
147
563
974
115
687
720
788
55
351
45
53
379
834
239
866
602
568
377
811
853
530
167
312
34
395
214
473
409
511
163
964
712
420
99
880
73
172
405
226
393
583
860
350
918
46
203
458
234
299
340
233
679
365
898
248
641
271
75
346
531
460
566
672
369
69
188
474
300
74
592
709
510
502
77
257
858
495
431
623
489
1004
67
560
446
210
277
237
995
268
887
394
521
913
273
328
636
447
411
238
518
580
748
136
41
256
673
763
166
36
96
437
117
112
1011
357
577
520
618
571
1
63
131
650
761
468
807
633
584
881
38
42
685
992
952
1007
717
442
452
282
24
499
616
961
506
963
493
700
194
802
262
72
1013
296
846
476
252
342
803
816
908
562
1017
942
603
481
737
124
859
651
622
56
819
659
70
186
168
1003
339
565
711
635
135
196
814
352
876
209
841
330
245
146
776
1006
953
848
598
773
265
82
582
197
295
951
900
235
490
889
843
976
293
85
482
242
504
895
157
236
998
815
382
15
508
652
990
614
878
948
839
936
334
90
57
836
724
367
771
48
230
125
535
542
515
797
467
8
581
320
366
808
456
507
825
443
291
973
642
360
690
615
1002
261
68
921
770
311
444
470
718
386
95
971
821
483
768
972
174
875
661
412
628
107
663
361
280
999
264
938
421
575
127
617