0
682
72
318
946
525
209
279
74
366
655
310
234
185
562
616
599
521
727
832
377
756
733
923
933
201
4
1003
56
480
221
112
784
271
914
247
465
859
572
895
870
936
36
453
920
448
253
48
418
265
248
57
977
197
752
536
943
152
828
855
407
42
867
888
176
63
290
159
241
949
757
282
904
833
712
851
648
721
809
785
457
426
896
312
230
754
10
759
64
213
244
191
720
257
43
368
452
383
863
958
17
660
836
568
901
3
954
575
136
438
758
80
193
411
726
611
938
406
988
877
302
994
415
782
605
592
574
653
822
215
502
601
719
369
997
883
695
689
435
184
811
114
825
467
976
881
839
589
395
2
593
370
876
212
386
387
918
664
745
677
507
947
1016
546
649
260
990
304
604
202
83
803
170
663
161
175
902
537
846
523
262
69
744
797
420
446
1009
651
320
270
91
972
505
1010
917
11
225
1006
427
738
666
95
322
795
206
60
541
688
488
740
472
529
18
79
906
866
559
251
1011
812
183
837
642
116
13
735
636
205
948
497
76
121
835
158
699
104
1004
65
916
843
513
135
97
500
384
857
147
1001
581
360
808
731
966
397
296
624
814
106
570
404
425
309
129
317
749
26
347
821
173
375
51
869
701
708
716
620
195
798
323
557
905
178
171
291
329
343
852
718
337
579
538
27
771
596
228
862
519
242
602
981
307
685
496
78
545
353
693
730
269
268
871
978
791
786
485
807
325
179
980
162
267
356
643
442
14
652
113
524
964
130
903
417
762
29
105
696
768
22
984
891
16
490
944
1005
908
968
691
638
765
111
552
303
41
586
142
641
102
459
32
996
468
543
778
510
868
540
576
610
216
953
315
995
401
654
879
560
567
364
165
657
790
327
766
539
331
746
289
436
764
218
670
168
800
264
847
697
848
47
21
207
292
449
725
479
125
515
1014
443
858
659
627
389
951
333
609
211
20
419
910
208
150
672
15
381
424
44
819
355
887
939
276
815
796
717
950
715
393
534
893
139
634
288
223
84
408
252
603
622
511
926
748
526
776
860
194
301
492
491
783
328
281
25
287
875
763
77
650
930
464
957
359
775
293
909
198
992
940
533
742
239
520
85
160
1013
842
285
357
476
683
694
623
378
598
608
363
398
199
151
849
550
478
237
31
339
421
661
30
899
678
235
692
278
900
127
149
94
853
1000
960
1012
169
675
348
618
722
802
820
358
118
24
625
788
5
770
335
702
166
394
732
341
226
352
774
219
501
143
294
214
714
781
974
89
632
1019
231
542
509
674
823
1015
645
831
203
19
39
864
880
59
180
489
911
487
597
569
124
93
772
227
410
565
391
440
349
187
108
799
50
665
924
92
70
240
897
365
945
140
338
890
229
986
272
422
564
232
626
134
577
73
886
942
137
553
698
729
172
646
955
163
55
336
259
647
723
728
35
662
9
989
755
889
330
882
284
263
71
433
52
350
431
145
376
413
578
87
148
12
619
736
367
245
326
915
710
254
372
471
724
392
595
582
850
941
456
679
805
117
188
107
633
138
983
907
361
437
469
737
8
299
133
640
144
709
840
110
86
998
747
458
919
316
959
196
1017
1007
780
816
153
379
741
580
705
429
1008
613
256
238
872
676
506
274
373
374
845
792
617
96
547
255
6
423
629
522
243
82
455
1002
475
985
528
979
884
308
409
416
600
707
700
612
494
434
481
155
734
922
236
132
956
878
164
210
503
99
261
993
789
432
963
200
854
856
154
987
967
794
927
743
706
342
615
474
928
266
535
681
334
628
380
713
684
844
321
973
861
514
224
319
346
929
131
512
450
532
46
460
177
470
466
834
295
658
75
885
874
773
779
750
101
249
362
444
58
991
123
588
591
673
220
614
898
33
66
921
806
793
115
182
703
637
354
680
103
88
810
382
486
753
504
873
186
54
233
584
482
829
563
283
388
590
445
530
222
371
804
300
508
841
551
516
975
430
332
62
297
412
668
931
344
81
441
313
817
558
631
258
128
37
351
932
761
122
49
204
894
189
999
962
937
34
787
217
7
607
656
777
477
275
969
405
483
484
687
447
451
913
273
635
531
141
838
667
527
769
156
461
403
98
499
671
982
109
314
495
385
639
970
428
38
390
306
556
961
686
912
892
594
90
340
192
280
621
818
935
934
286
965
498
587
298
583
181
345
739
67
573
120
824
190
146
711
28
311
865
606
45
518
644
167
554
704
1018
767
493
952
324
669
157
68
571
399
549
566
40
462
585
23
439
396
801
925
830
305
813
463
690
473
174
246
400
1
751
100
548
414
53
517
250
61
971
561
454
119
630
402
827
544
277
826
126
760
555