0
526
127
118
1014
730
882
360
869
820
303
781
532
612
825
522
203
935
128
800
39
584
114
319
517
175
34
828
393
33
1015
975
170
915
737
274
40
46
12
822
37
525
194
536
264
225
285
329
294
174
116
113
565
868
997
99
724
312
803
356
719
163
784
402
1003
418
148
412
512
920
736
582
328
636
109
388
763
747
695
266
177
644
371
16
667
595
152
1019
1009
88
945
496
233
232
550
80
45
164
661
226
950
831
430
930
139
790
937
964
38
812
269
963
889
843
473
732
457
748
527
237
854
769
985
306
289
468
180
863
79
475
286
497
26
859
775
324
136
735
315
578
981
438
130
733
853
10
291
746
132
629
994
140
821
488
451
535
786
355
625
607
333
131
689
677
195
957
349
904
911
694
443
896
463
62
799
501
112
115
835
259
493
222
556
953
611
179
672
15
634
4
588
723
86
397
814
422
188
725
562
199
96
90
520
155
91
877
1010
539
301
20
193
376
184
182
24
373
32
21
809
594
543
246
586
589
605
334
731
31
912
983
688
593
339
922
447
466
531
392
706
282
643
305
272
903
901
652
216
380
872
519
674
273
197
124
711
988
615
620
829
492
836
317
354
940
840
745
314
173
614
129
247
239
405
758
65
359
304
307
327
692
461
406
939
267
783
325
135
145
986
336
866
773
186
275
592
563
721
387
938
671
389
529
757
398
899
292
892
713
252
907
606
1
313
165
450
557
927
423
785
9
370
361
546
352
432
485
886
842
827
908
662
542
156
923
624
759
502
44
577
465
970
201
521
74
50
509
934
616
51
337
454
925
277
408
573
902
992
714
680
41
640
690
348
633
807
764
1002
857
278
609
855
791
960
308
913
603
19
568
25
959
984
762
151
979
7
597
524
566
330
956
290
77
407
952
708
802
558
350
918
384
717
17
123
978
516
1000
55
49
168
143
107
60
887
323
909
424
657
559
691
1005
310
243
619
645
660
641
103
613
362
515
862
467
172
284
530
780
1016
144
884
514
813
133
75
858
761
76
495
250
299
470
420
462
722
54
63
768
343
989
914
729
210
832
728
798
572
5
340
933
241
743
648
932
684
421
455
399
998
309
94
590
302
224
249
401
623
207
458
440
409
682
1007
378
367
870
69
101
893
647
271
778
626
18
653
734
244
487
547
300
659
742
82
280
888
955
236
494
602
544
374
579
36
760
1008
491
971
89
830
966
268
29
801
318
157
171
205
28
548
665
507
67
697
138
64
560
740
874
100
477
183
797
726
23
972
48
255
71
541
368
789
400
212
551
601
875
481
755
707
231
191
549
176
234
849
56
1013
826
189
617
699
498
845
258
102
655
664
891
846
429
187
331
576
141
704
545
66
929
146
681
431
567
464
618
948
844
227
958
262
670
68
504
383
718
161
459
338
638
484
646
946
767
651
428
441
805
837
1004
220
58
991
379
35
574
631
967
426
795
503
505
365
883
482
142
770
395
347
980
921
104
456
604
204
110
448
993
120
92
427
261
452
240
715
437
382
669
739
47
415
453
864
108
260
808
818
879
13
687
288
147
499
83
3
890
281
709
898
416
185
22
637
676
880
449
353
84
229
218
221
816
598
169
414
712
581
320
511
838
766
396
344
122
206
564
811
702
513
793
741
771
279
265
942
8
134
295
2
900
235
852
381
238
200
628
523
794
856
727
53
364
693
772
534
72
425
149
642
860
357
332
596
533
377
126
905
996
297
111
394
105
390
528
753
931
245
321
833
85
608
137
70
106
744
654
580
850
287
554
1001
936
27
198
474
756
982
716
410
583
995
363
242
968
480
276
823
571
976
293
30
656
208
150
445
865
97
436
943
710
663
973
705
358
591
824
508
202
632
700
61
765
683
6
685
876
787
537
819
196
296
257
230
658
386
346
351
570
178
679
483
311
749
87
650
518
93
335
621
552
162
433
555
666
167
941
848
341
369
540
810
796
217
675
841
777
153
897
209
817
121
253
510
158
375
752
469
219
924
947
444
851
506
894
806
270
215
839
668
154
999
223
486
965
98
600
1012
160
627
926
442
949
73
895
42
1017
701
861
490
847
962
254
673
472
910
43
885
326
751
500
782
192
630
873
460
919
878
738
788
954
489
385
587
1011
476
961
622
322
439
754
228
649
575
569
750
263
867
316
928
411
251
345
190
214
181
372
14
944
990
698
1006
916
987
434
553
639
417
119
446
211
256
804
792
538
403
404
779
906
57
977
479
413
974
815
720
599
159
248
951
419
635
283
969
610
11
585
1018
81
917
78
435
776
696
686
298
95
213
391
471
342
678
774
871
478
125
59
366
166
561
52
834
881
703
117