0 2093.75
1 3104.085603
10 3501.953125
11 2847.65625
100 3772.200772
101 3764.59144
110 3791.505792
111 3447.470817
1000 4040.29304
1001 3981.949458
1010 4204.198473
1011 4163.461538
1100 4207.54717
1101 4206.10687
1110 4185.873606
1111 3916.666667
10000 4303.754266
10001 4242.474916
10010 4366.782007
10011 4317.406143
10100 4463.768116
10101 4458.333333
10110 4467.391304
10111 4431.407942
11000 4513.059701
11001 4496.268657
11010 4559.259259
11011 4529.62963
11100 4545.787546
11101 4510.869565
11110 4514.388489
11111 4393.238434
100000 4431.578947
100001 4367.346939
100010 4505.395683
100011 4455.985915
100100 4628.205128
100101 4638.376384
100110 4636.029412
100111 4600.0
101000 4771.535581
101001 4756.554307
101010 4820.754717
101011 4798.113208
101100 4774.907749
101101 4784.386617
101110 4771.062271
101111 4743.589744
110000 4664.42953
110001 4683.673469
110010 4715.986395
110011 4709.897611
110100 4793.706294
110101 4790.20979
110110 4792.682927
110111 4786.713287
111000 4687.919463
111001 4676.174497
111010 4760.344828
111011 4743.103448
111100 4763.986014
111101 4766.666667
111110 4752.61324
111111 4695.121951
1000000 4662.671233
1000001 4656.996587
1000010 4707.317073
1000011 4695.50173
1000100 4754.385965
1000101 4737.847222
1000110 4742.160279
1000111 4742.160279
1001000 4852.313167
1001001 4851.785714
1001010 4871.428571
1001011 4862.5
1001100 4858.422939
1001101 4859.71223
1001110 4871.841155
1001111 4862.815884
1010000 4833.333333
1010001 4834.558824
1010010 4851.102941
1010011 4846.715328
1010100 4889.298893
1010101 4894.444444
1010110 4894.833948
1010111 4891.143911
1011000 4836.363636
1011001 4832.727273
1011010 4866.788321
1011011 4857.664234
1011100 4836.363636
1011101 4839.416058
1011110 4841.240876
1011111 4832.116788
1100000 4720.848057
1100001 4717.314488
1100010 4750.0
1100011 4747.330961
1100100 4808.394161
1100101 4808.394161
1100110 4809.090909
1100111 4797.101449
1101000 4863.970588
1101001 4860.294118
1101010 4894.833948
1101011 4885.608856
1101100 4900.0
1101101 4901.486989
1101110 4895.220588
1101111 4887.453875
1110000 4783.928571
1110001 4781.362007
1110010 4805.357143
1110011 4800.0
1110100 4846.715328
1110101 4846.715328
1110110 4849.090909
1110111 4840.0
1111000 4839.552239
1111001 4832.089552
1111010 4875.0
1111011 4863.29588
1111100 4859.259259
1111101 4857.407407
1111110 4853.703704
1111111 4827.777778
10000000 4898.916968
10000001 4992.537313
10000010 4886.524823
10000011 4943.84058
10000100 4956.20438
10000101 4963.369963
10000110 4900.70922
10000111 4951.086957
10001000 4905.797101
10001001 4921.532847
10001010 4900.722022
10001011 4895.306859
10001100 4872.302158
10001101 4872.302158
10001110 4808.362369
10001111 4859.430605
10010000 4979.779412
10010001 4985.239852
10010010 5003.745318
10010011 4996.268657
10010100 4994.382022
10010101 5000.0
10010110 4990.671642
10010111 4992.537313
10011000 4886.281588
10011001 4891.304348
10011010 4908.759124
10011011 4910.25641
10011100 4928.04428
10011101 4938.66171
10011110 4899.635036
10011111 4920.664207
10100000 5050.0
10100001 5050.0
10100010 5015.037594
10100011 5013.108614
10100100 5005.597015
10100101 5005.597015
10100110 4985.185185
10100111 4998.141264
10101000 4960.820896
10101001 4968.164794
10101010 4962.825279
10101011 4950.367647
10101100 4987.037037
10101101 4987.037037
10101110 4974.264706
10101111 4979.779412
10110000 4923.636364
10110001 4928.832117
10110010 4930.40293
10110011 4927.007299
10110100 4929.347826
10110101 4929.347826
10110110 4944.852941
10110111 4939.56044
10111000 4942.804428
10111001 4940.95941
10111010 4946.296296
10111011 4942.592593
10111100 4923.076923
10111101 4926.470588
10111110 4905.454545
10111111 4910.583942
11000000 4783.687943
11000001 4818.996416
11000010 4760.56338
11000011 4802.867384
11000100 4765.957447
11000101 4783.928571
11000110 4768.551237
11000111 4795.698925
11001000 4763.345196
11001001 4787.769784
11001010 4746.503497
11001011 4747.38676
11001100 4707.317073
11001101 4721.830986
11001110 4700.692042
11001111 4737.676056
11010000 4924.81203
11010001 4939.393939
11010010 4922.053232
11010011 4918.250951
11010100 4922.348485
11010101 4927.756654
11010110 4919.475655
11010111 4922.932331
11011000 4856.343284
11011001 4856.343284
11011010 4865.168539
11011011 4864.661654
11011100 4845.724907
11011101 4847.014925
11011110 4858.208955
11011111 4867.041199
11100000 4929.090909
11100001 4927.272727
11100010 4902.527076
11100011 4912.727273
11100100 4886.281588
11100101 4906.934307
11100110 4906.934307
11100111 4919.117647
11101000 4917.910448
11101001 4936.090226
11101010 4905.204461
11101011 4926.691729
11101100 4901.119403
11101101 4911.654135
11101110 4915.730337
11101111 4932.075472
11110000 4943.014706
11110001 4941.176471
11110010 4920.955882
11110011 4920.955882
11110100 4933.579336
11110101 4933.579336
11110110 4946.296296
11110111 4944.444444
11111000 4923.791822
11111001 4923.791822
11111010 4909.594096
11111011 4907.749077
11111100 4910.780669
11111101 4916.044776
11111110 4889.298893
11111111 4900.925926
