4222.014925
3164.396887
4727.739726
4727.739726
4667.235495
3466.92607
4772.727273
2054.104478
2054.104478
4793.706294
4716.262976
2054.104478
4772.727273
4716.262976
4667.235495
4770.034843
4772.727273
3768.48249
4722.413793
4738.754325
3697.318008
4667.235495
4667.235495
3826.923077
4686.643836
4667.235495
4686.643836
3425.0
4069.852941
4771.428571
3466.92607
4721.649485
3466.92607
4772.727273
4772.084806
4686.643836
3466.92607
4721.649485
4722.413793
3768.48249
4777.972028
4686.643836
4770.034843
4721.649485
4770.034843
4738.754325
4667.235495
4738.754325
4069.852941
3164.396887
4721.649485
4722.413793
3466.92607
2054.104478
4772.727273
2750.972763
4686.643836
4722.413793
4479.85348
2054.104478
4722.413793
4772.727273
3466.92607
3164.396887
2750.972763
4667.235495
4686.643836
4222.014925
4738.754325
3425.0
3768.48249
4772.727273
4727.739726
4722.413793
3957.142857
3697.318008
2750.972763
2054.104478
3164.396887
4770.034843
4793.706294
4222.014925
4069.852941
4772.084806
2750.972763
2054.104478
4738.754325
3466.92607
3697.318008
3768.48249
4727.739726
4770.034843
3768.48249
4738.754325
4727.739726
4667.235495
3466.92607
3697.318008
3164.396887
4772.727273
4721.649485
4752.669039
4793.706294
3768.48249
3466.92607
4738.754325
4721.649485
4738.754325
3957.142857
4738.754325
4686.643836
4770.034843
3826.923077
4727.739726
4363.29588
4716.262976
3957.142857
4112.132353
4716.262976
3957.142857
3697.318008
2054.104478
4295.112782
4777.972028
2750.972763
3425.0
4772.727273
4667.235495
3768.48249
3768.48249
3466.92607
2750.972763
4721.649485
4721.649485
4667.235495
4801.075269
4772.727273
4770.034843
3826.923077
3768.48249
3425.0
4793.706294
3768.48249
3466.92607
4772.727273
4727.739726
4667.235495
4772.727273
4808.243728
2750.972763
3466.92607
3826.923077
3466.92607
3697.318008
4776.223776
2054.104478
4722.413793
3697.318008
4770.034843
4722.413793
4112.132353
4727.739726
2054.104478
4686.643836
3466.92607
4722.413793
4772.727273
3164.396887
3826.923077
4069.852941
3957.142857
4716.262976
4793.706294
4793.706294
3957.142857
4738.754325
3957.142857
3164.396887
4727.739726
3826.923077
4727.739726
4069.852941
4686.643836
4686.643836
4738.754325
4722.413793
4667.235495
4793.706294
3164.396887
4722.413793
4667.235495
4430.451128
4222.014925
4721.649485
4727.739726
4770.034843
3425.0
3164.396887
4667.235495
3466.92607
4722.413793
4667.235495
4721.649485
4752.669039
4776.223776
4686.643836
4738.754325
3826.923077
4667.235495
3697.318008
4738.754325
4686.643836
3425.0
2750.972763
3697.318008
3697.318008
3826.923077
4752.669039
4722.413793
4716.262976
4667.235495
4667.235495
4727.739726
3697.318008
4722.413793
4284.926471
4727.739726
3826.923077
3697.318008
4686.643836
4727.739726
4722.413793
3164.396887
4722.413793
4770.034843
3425.0
4738.754325
4738.754325
4738.754325
4284.926471
2750.972763
4400.749064
3164.396887
4771.428571
2054.104478
4667.235495
4716.262976
4738.754325
4667.235495
4667.235495
4722.413793
4721.649485
3697.318008
4727.739726
4772.727273
2054.104478
2750.972763
3425.0
4667.235495
4752.669039
3826.923077
4716.262976
4789.962825
4793.706294
3697.318008
4112.132353
4845.01845
3466.92607
4667.235495
4686.643836
2750.972763
4738.754325
2054.104478
4770.034843
2750.972763
4295.112782
4727.739726
4777.972028
4727.739726
4777.972028
4722.413793
3425.0
3957.142857
2054.104478
4295.112782
4777.972028
3466.92607
4770.034843
4722.413793
4772.727273
3957.142857
4069.852941
3697.318008
3164.396887
4738.754325
4772.727273
4793.706294
4222.014925
3826.923077
4770.034843
4295.112782
4793.706294
4045.454545
3768.48249
4738.754325
3768.48249
3697.318008
3425.0
4721.649485
3164.396887
4772.727273
4777.972028
3768.48249
4686.643836
3826.923077
4727.739726
3768.48249
4738.754325
3164.396887
4770.034843
4430.451128
4772.727273
4776.223776
4069.852941
4722.413793
4722.413793
4722.413793
3164.396887
4776.223776
3164.396887
4389.513109
4112.132353
3164.396887
4727.739726
3826.923077
4793.706294
4721.649485
2054.104478
3466.92607
3826.923077
4721.649485
4772.727273
3466.92607
4667.235495
3466.92607
4722.413793
4721.649485
4686.643836
4721.649485
4722.413793
4295.112782
4729.681979
4069.852941
4667.235495
4752.669039
4045.454545
4727.739726
2054.104478
3164.396887
4772.727273
4721.649485
4667.235495
4801.075269
4721.649485
4722.413793
4716.262976
3826.923077
4772.727273
4776.223776
2054.104478
4727.739726
3826.923077
4721.649485
2054.104478
4727.739726
4738.754325
3697.318008
4770.034843
3697.318008
4772.727273
4722.413793
2054.104478
4772.727273
3466.92607
4667.235495
4772.727273
3425.0
4722.413793
2750.972763
4772.727273
2750.972763
4770.034843
4722.413793
4770.034843
4772.727273
3768.48249
4686.643836
4738.754325
2750.972763
4727.739726
2750.972763
4724.381625
4793.706294
3164.396887
4727.739726
4752.669039
4771.428571
4721.649485
4776.223776
4772.727273
4222.014925
3697.318008
4667.235495
4770.034843
3768.48249
4721.649485
4686.643836
4716.262976
4686.643836
4771.428571
4820.284698
4777.972028
4722.413793
4793.706294
4667.235495
4721.649485
4045.454545
4793.706294
4771.428571
4729.681979
4295.112782
4722.413793
4722.413793
4771.428571
4793.706294
4820.284698
3164.396887
2054.104478
4219.78022
3425.0
4721.649485
4752.669039
4716.262976
4716.262976
4222.014925
4721.649485
4667.235495
4727.739726
3164.396887
2054.104478
4727.739726
4722.413793
4112.132353
4777.972028
3425.0
2750.972763
4686.643836
4770.034843
4363.29588
3164.396887
4222.014925
4801.075269
4295.112782
3768.48249
4738.754325
4727.739726
3466.92607
4667.235495
4667.235495
4772.727273
4667.235495
4738.754325
4112.132353
3697.318008
4793.706294
4727.739726
3768.48249
4777.972028
4770.034843
4770.034843
4722.413793
4069.852941
4716.262976
3164.396887
3957.142857
4686.643836
4721.649485
4777.972028
3697.318008
4667.235495
4667.235495
4686.643836
4667.235495
4667.235495
3768.48249
2054.104478
4752.669039
3425.0
4683.823529
3425.0
4727.739726
3164.396887
4722.413793
3768.48249
3425.0
2054.104478
3164.396887
2750.972763
4729.681979
4722.413793
4770.034843
4772.727273
2054.104478
3768.48249
4793.706294
3826.923077
4722.413793
4721.649485
4686.643836
4727.739726
4721.649485
4667.235495
4727.739726
4716.262976
2750.972763
4219.78022
4776.223776
2054.104478
4721.649485
3466.92607
4716.262976
3957.142857
3425.0
4793.706294
2750.972763
4721.649485
2054.104478
4752.669039
2054.104478
3768.48249
4722.413793
4721.649485
3425.0
4112.132353
4667.235495
4738.754325
4772.727273
3164.396887
3697.318008
4727.739726
3164.396887
3164.396887
4686.643836
4738.754325
4772.727273
4222.014925
3466.92607
4716.262976
3768.48249
4772.084806
3768.48249
3697.318008
3425.0
4772.727273
4686.643836
4738.754325
4772.727273
4777.972028
4724.381625
4716.262976
3425.0
4727.739726
4729.681979
4727.739726
3768.48249
4721.649485
2054.104478
4721.649485
4770.034843
3466.92607
3768.48249
4667.235495
4721.649485
4727.739726
4776.223776
2054.104478
4724.381625
2054.104478
4716.262976
4686.643836
2750.972763
4667.235495
4721.649485
4771.428571
3164.396887
3425.0
4738.754325
4721.649485
3425.0
4722.413793
2750.972763
2750.972763
4400.749064
3957.142857
4771.428571
3697.318008
4219.78022
4722.413793
4776.223776
4724.381625
4219.78022
2054.104478
4727.739726
4716.262976
4772.727273
4667.235495
4284.926471
4777.972028
4793.706294
3164.396887
4686.643836
3164.396887
2750.972763
4772.727273
4738.754325
4721.649485
4777.972028
4727.739726
3425.0
3164.396887
2750.972763
4722.413793
3466.92607
4716.262976
4727.739726
3425.0
4770.034843
4295.112782
4772.727273
4738.754325
4738.754325
4793.706294
4727.739726
4667.235495
4667.235495
4770.034843
4721.649485
4727.739726
4722.413793
4777.972028
4772.727273
3957.142857
4772.727273
4669.117647
4069.852941
4776.223776
3697.318008
4772.727273
3768.48249
3164.396887
4772.727273
2054.104478
4667.235495
4772.084806
4738.754325
4772.727273
4793.706294
3466.92607
4752.669039
3697.318008
3466.92607
3768.48249
4772.727273
4770.034843
3697.318008
3466.92607
4727.739726
4793.706294
2750.972763
2750.972763
4722.413793
3768.48249
4686.643836
3164.396887
4727.739726
4667.235495
3164.396887
4772.727273
4721.649485
4721.649485
4771.428571
3697.318008
3957.142857
2054.104478
4686.643836
4770.034843
3425.0
4721.649485
2750.972763
2054.104478
4112.132353
3768.48249
3697.318008
4222.014925
4222.014925
4777.972028
3466.92607
2750.972763
4716.262976
4069.852941
4770.034843
4721.649485
4716.262976
4716.262976
4772.727273
4793.706294
4776.223776
3697.318008
2054.104478
3164.396887
3425.0
3697.318008
4219.78022
4776.223776
3466.92607
4045.454545
4770.034843
4284.926471
2054.104478
4727.739726
3164.396887
2054.104478
3957.142857
4727.739726
3164.396887
4727.739726
3957.142857
4777.972028
3425.0
4724.381625
3164.396887
4686.643836
4716.262976
4667.235495
4722.413793
4716.262976
4667.235495
4772.727273
4716.262976
4667.235495
3425.0
4777.972028
4686.643836
4738.754325
3826.923077
4793.706294
3164.396887
4727.739726
4069.852941
4738.754325
4716.262976
4770.034843
3466.92607
4727.739726
4721.649485
4738.754325
4222.014925
4772.727273
4738.754325
4727.739726
4667.235495
3466.92607
3768.48249
4686.643836
3768.48249
4738.754325
4722.413793
4776.223776
4219.78022
3164.396887
3826.923077
3768.48249
4069.852941
4667.235495
4222.014925
4045.454545
4716.262976
4727.739726
4777.972028
4722.413793
2054.104478
2750.972763
4727.739726
4727.739726
4738.754325
3164.396887
4686.643836
4722.413793
4069.852941
4667.235495
2750.972763
3957.142857
2054.104478
3466.92607
3425.0
4724.381625
4667.235495
3768.48249
4724.381625
2750.972763
4222.014925
4772.727273
4721.649485
4738.754325
4776.223776
4738.754325
4722.413793
4721.649485
4770.034843
4722.413793
4716.262976
4722.413793
4716.262976
4222.014925
3164.396887
4686.643836
3425.0
4722.413793
4716.262976
3466.92607
4793.706294
4112.132353
2054.104478
4045.454545
2750.972763
3826.923077
4772.727273
3826.923077
4069.852941
4776.223776
2054.104478
4667.235495
4400.749064
4752.669039
2054.104478
4721.649485
4772.727273
3957.142857
4752.669039
3164.396887
2054.104478
4284.926471
4667.235495
4667.235495
4222.014925
3466.92607
3826.923077
3164.396887
4727.739726
3466.92607
4112.132353
4686.643836
4069.852941
4770.034843
4069.852941
4727.739726
4722.413793
4752.669039
2054.104478
3826.923077
3957.142857
4738.754325
3826.923077
4722.413793
3466.92607
4722.413793
3466.92607
4727.739726
4776.223776
4771.428571
3164.396887
4284.926471
2054.104478
3425.0
3425.0
2750.972763
4669.117647
3164.396887
3768.48249
4722.413793
4721.649485
4793.706294
4667.235495
4772.727273
4727.739726
4772.727273
3697.318008
4716.262976
4727.739726
4738.754325
3425.0
4729.681979
4721.649485
3164.396887
4793.706294
4716.262976
4400.749064
2054.104478
4667.235495
4727.739726
4686.643836
3768.48249
2054.104478
2750.972763
4721.649485
4729.681979
2750.972763
4721.649485
2054.104478
4363.29588
3425.0
4738.754325
4727.739726
4219.78022
4772.727273
4721.649485
2750.972763
3466.92607
2054.104478
4721.649485
4738.754325
3697.318008
4776.223776
4069.852941
4727.739726
4727.739726
4722.413793
4722.413793
2054.104478
3957.142857
4667.235495
3164.396887
4069.852941
2054.104478
3768.48249
3697.318008
4729.681979
2750.972763
4667.235495
3164.396887
4721.649485
3768.48249
3957.142857
4793.706294
3957.142857
4738.754325
4772.727273
4686.643836
4686.643836
3697.318008
4722.413793
4686.643836
3697.318008
4772.727273
4686.643836
3826.923077
4727.739726
3697.318008
4112.132353
4772.727273
4069.852941
3466.92607
4667.235495
3164.396887
4793.706294
3957.142857
2750.972763
2750.972763
4667.235495
2054.104478
4770.034843
4667.235495
2750.972763
4716.262976
4716.262976
4667.235495
4722.413793
4752.669039
3425.0
3425.0
2054.104478
4770.034843
3957.142857
4112.132353
4770.034843
4772.084806
3957.142857
4722.413793
4667.235495
