3164.396887
4738.754325
4686.643836
2750.972763
3957.142857
4686.643836
2750.972763
3466.92607
2750.972763
3466.92607
4069.852941
3466.92607
4770.034843
4770.034843
4667.235495
4793.706294
2750.972763
4722.413793
4738.754325
3425.0
4772.727273
4777.972028
4772.727273
4112.132353
4722.413793
4045.454545
4793.706294
3466.92607
4770.034843
3164.396887
3957.142857
3466.92607
2054.104478
4772.727273
3466.92607
4777.972028
2750.972763
3826.923077
2750.972763
4219.78022
3697.318008
4222.014925
3164.396887
4727.739726
3164.396887
3697.318008
4738.754325
4667.235495
4724.381625
4721.649485
4686.643836
4686.643836
4222.014925
4722.413793
4777.972028
4045.454545
3768.48249
3425.0
4721.649485
3466.92607
3697.318008
4716.262976
4222.014925
4722.413793
4777.972028
2750.972763
2054.104478
4721.649485
4772.727273
3466.92607
4772.727273
2054.104478
3826.923077
4667.235495
3164.396887
2054.104478
4069.852941
4777.972028
4770.034843
3164.396887
4112.132353
4667.235495
3826.923077
4772.727273
3697.318008
3826.923077
4667.235495
4771.428571
4724.381625
3466.92607
3768.48249
4686.643836
2750.972763
4727.739726
3768.48249
4721.649485
4772.727273
4770.034843
3826.923077
3164.396887
3466.92607
4752.669039
4770.034843
3697.318008
4667.235495
2054.104478
3425.0
4667.235495
3768.48249
4722.413793
4776.223776
3425.0
4069.852941
4772.727273
2750.972763
2750.972763
3164.396887
3697.318008
3697.318008
4793.706294
3164.396887
4738.754325
4738.754325
4772.727273
4722.413793
4738.754325
2750.972763
4722.413793
3164.396887
4777.972028
2054.104478
4716.262976
3826.923077
4727.739726
3697.318008
4727.739726
2750.972763
4770.034843
4801.075269
2054.104478
4686.643836
4777.972028
4776.223776
2054.104478
3466.92607
3697.318008
4772.084806
4793.706294
4667.235495
4069.852941
3164.396887
3164.396887
2750.972763
4722.413793
3466.92607
4284.926471
3697.318008
4667.235495
3425.0
4801.075269
3826.923077
4722.413793
3425.0
4722.413793
2750.972763
4738.754325
4722.413793
3768.48249
4777.972028
2054.104478
4776.223776
4222.014925
4845.01845
4793.706294
3697.318008
4770.034843
4716.262976
3957.142857
4686.643836
4045.454545
4721.649485
3826.923077
4686.643836
4112.132353
3425.0
4793.706294
4716.262976
4721.649485
4727.739726
4727.739726
4295.112782
3164.396887
4729.681979
3164.396887
4772.727273
4667.235495
4770.034843
4686.643836
4667.235495
4722.413793
4716.262976
4716.262976
3466.92607
4069.852941
4686.643836
3768.48249
4772.727273
4770.034843
3466.92607
4721.649485
2054.104478
4738.754325
4722.413793
4667.235495
4667.235495
4222.014925
3697.318008
4770.034843
4722.413793
4727.739726
2750.972763
3826.923077
4776.223776
4222.014925
4724.381625
4770.034843
3826.923077
4820.284698
3768.48249
4686.643836
3697.318008
4770.034843
4770.034843
3164.396887
4752.669039
4667.235495
4776.223776
4820.284698
2054.104478
4793.706294
3425.0
4727.739726
2750.972763
3697.318008
4772.727273
4721.649485
4727.739726
4069.852941
4716.262976
4667.235495
3466.92607
4727.739726
4686.643836
4721.649485
4776.223776
4727.739726
4776.223776
4686.643836
4793.706294
4485.239852
3768.48249
3425.0
3164.396887
4727.739726
3466.92607
4722.413793
4738.754325
3957.142857
2054.104478
4777.972028
4752.669039
3957.142857
4752.669039
4772.727273
4686.643836
4722.413793
4716.262976
4686.643836
4771.428571
3164.396887
4721.649485
4770.034843
4069.852941
2054.104478
4722.413793
4727.739726
4721.649485
2054.104478
3826.923077
4716.262976
3466.92607
4667.235495
3768.48249
3826.923077
4222.014925
4727.739726
4770.034843
4770.034843
2750.972763
4667.235495
4667.235495
4771.428571
4772.727273
4793.706294
4727.739726
3826.923077
4727.739726
4738.754325
4776.223776
4738.754325
4727.739726
3164.396887
3957.142857
4721.649485
4686.643836
4772.727273
4716.262976
2750.972763
4777.972028
4716.262976
4686.643836
4667.235495
4727.739726
3466.92607
4727.739726
4722.413793
4222.014925
4667.235495
4727.739726
4727.739726
4772.727273
4222.014925
4738.754325
4722.413793
4772.727273
4716.262976
4771.428571
4771.428571
3164.396887
3164.396887
4777.972028
4045.454545
4777.972028
4284.926471
2750.972763
4727.739726
3697.318008
4777.972028
4738.754325
3697.318008
4722.413793
4772.727273
3164.396887
4801.075269
3697.318008
4727.739726
2054.104478
3826.923077
3768.48249
4722.413793
4222.014925
3768.48249
4776.223776
4772.727273
4722.413793
4722.413793
4738.754325
4284.926471
3697.318008
2054.104478
3164.396887
4721.649485
4716.262976
4219.78022
4727.739726
4722.413793
4667.235495
3164.396887
4716.262976
2750.972763
4777.972028
4729.681979
4772.727273
3697.318008
4727.739726
4667.235495
3768.48249
3697.318008
4667.235495
4772.727273
3164.396887
4295.112782
2054.104478
4776.223776
4295.112782
4772.727273
4729.681979
4738.754325
4667.235495
3768.48249
2750.972763
4667.235495
4716.262976
4738.754325
4727.739726
4686.643836
3466.92607
3768.48249
2750.972763
4793.706294
3768.48249
3697.318008
3466.92607
3768.48249
4389.513109
4722.413793
4686.643836
3164.396887
3466.92607
4721.649485
4716.262976
4295.112782
3768.48249
4793.706294
4722.413793
4793.706294
4722.413793
2054.104478
3466.92607
4667.235495
4721.649485
4721.649485
4219.78022
4222.014925
4722.413793
4721.649485
2750.972763
3826.923077
4722.413793
3425.0
3768.48249
4738.754325
3826.923077
3164.396887
4776.223776
3768.48249
2054.104478
2750.972763
3425.0
3826.923077
2750.972763
3466.92607
4729.681979
4727.739726
4793.706294
3466.92607
4738.754325
2054.104478
3768.48249
4716.262976
3826.923077
4069.852941
2750.972763
4069.852941
3164.396887
3826.923077
4222.014925
4776.223776
3768.48249
4721.649485
4772.727273
3466.92607
4722.413793
4716.262976
4667.235495
4801.075269
4721.649485
3697.318008
4686.643836
3768.48249
4667.235495
3768.48249
3697.318008
3164.396887
4727.739726
3466.92607
3768.48249
4793.706294
4772.727273
4738.754325
3466.92607
3826.923077
4667.235495
4716.262976
3164.396887
4716.262976
4069.852941
3425.0
4727.739726
3164.396887
2054.104478
4284.926471
4667.235495
2054.104478
4801.075269
4112.132353
4722.413793
3826.923077
4295.112782
2750.972763
4727.739726
4667.235495
4738.754325
4069.852941
3697.318008
4793.706294
3697.318008
3697.318008
4793.706294
4686.643836
4716.262976
4686.643836
4727.739726
3466.92607
4667.235495
4722.413793
4776.223776
3826.923077
4772.727273
4727.739726
4772.727273
2054.104478
4721.649485
2750.972763
4727.739726
4770.034843
3697.318008
4771.428571
4716.262976
3697.318008
4772.084806
4771.428571
4738.754325
3697.318008
4722.413793
4793.706294
4686.643836
3826.923077
3768.48249
4686.643836
4738.754325
4772.727273
4716.262976
4771.428571
4777.972028
4721.649485
4487.084871
3697.318008
4738.754325
4752.669039
4721.649485
3164.396887
2054.104478
3768.48249
2054.104478
4722.413793
4112.132353
4727.739726
4727.739726
4686.643836
4069.852941
4284.926471
4722.413793
3466.92607
4793.706294
4770.034843
3164.396887
3768.48249
3466.92607
4722.413793
4738.754325
2054.104478
4721.649485
3957.142857
3957.142857
4721.649485
2750.972763
3466.92607
4738.754325
4722.413793
4295.112782
4716.262976
4721.649485
4772.727273
4722.413793
4727.739726
2750.972763
4069.852941
4772.727273
4770.034843
4727.739726
4686.643836
4716.262976
2054.104478
4770.034843
4222.014925
4667.235495
4793.706294
3768.48249
4112.132353
3164.396887
4770.034843
4716.262976
4738.754325
3425.0
3425.0
3768.48249
4722.413793
4793.706294
4738.754325
4722.413793
4738.754325
4069.852941
4727.739726
4716.262976
4686.643836
4722.413793
4772.727273
3466.92607
4069.852941
4727.739726
3697.318008
2750.972763
4738.754325
4716.262976
3768.48249
4776.223776
3768.48249
3697.318008
4716.262976
2054.104478
3164.396887
2750.972763
4667.235495
3768.48249
3826.923077
4770.034843
4727.739726
2750.972763
4219.78022
4738.754325
4772.727273
4771.428571
4724.381625
3957.142857
4793.706294
3768.48249
4721.649485
2750.972763
4772.727273
4069.852941
4721.649485
4721.649485
4729.681979
3425.0
4738.754325
2750.972763
4721.649485
4738.754325
3826.923077
4752.669039
4727.739726
3466.92607
4667.235495
2750.972763
4721.649485
4069.852941
4776.223776
3466.92607
4727.739726
4772.727273
4222.014925
4716.262976
2750.972763
4776.223776
3768.48249
2750.972763
4716.262976
4793.706294
4770.034843
4722.413793
4716.262976
3697.318008
2750.972763
3164.396887
3164.396887
3697.318008
4722.413793
4770.034843
4738.754325
4667.235495
3164.396887
4112.132353
2054.104478
4727.739726
4295.112782
2054.104478
4772.727273
3826.923077
4729.681979
4722.413793
4772.727273
4686.643836
3697.318008
4716.262976
4222.014925
4738.754325
4284.926471
4716.262976
2054.104478
4793.706294
4686.643836
4752.669039
4722.413793
3826.923077
3466.92607
4721.649485
4721.649485
4284.926471
3697.318008
4776.223776
4112.132353
3425.0
4770.034843
4776.223776
3957.142857
4777.972028
4686.643836
4770.034843
3768.48249
2054.104478
4770.034843
3826.923077
4716.262976
4727.739726
4069.852941
4667.235495
3957.142857
4727.739726
4776.223776
4772.727273
4295.112782
3164.396887
3164.396887
4716.262976
3768.48249
4069.852941
2750.972763
3697.318008
4727.739726
4667.235495
4667.235495
4770.034843
4069.852941
4727.739726
3466.92607
4721.649485
4772.727273
3466.92607
4716.262976
4722.413793
4721.649485
4738.754325
4770.034843
4727.739726
3164.396887
3697.318008
4724.381625
4667.235495
4716.262976
3466.92607
4738.754325
4722.413793
4667.235495
4772.084806
4295.112782
4686.643836
3164.396887
3957.142857
4772.727273
4716.262976
4112.132353
4770.034843
4738.754325
4667.235495
3164.396887
4777.972028
3697.318008
4721.649485
3768.48249
3466.92607
4686.643836
4776.223776
4667.235495
2750.972763
4752.669039
3425.0
4069.852941
4727.739726
4219.78022
4771.428571
4721.649485
4738.754325
4667.235495
3466.92607
3697.318008
3466.92607
4770.034843
2750.972763
3466.92607
4738.754325
4722.413793
3466.92607
4112.132353
4721.649485
3697.318008
4430.451128
4686.643836
4738.754325
4686.643836
4722.413793
3466.92607
4738.754325
2750.972763
3466.92607
3466.92607
2750.972763
4667.235495
2750.972763
3768.48249
3425.0
4752.669039
3768.48249
4770.034843
4686.643836
4667.235495
4722.413793
4770.034843
3164.396887
4772.727273
4770.034843
2750.972763
3164.396887
3768.48249
4801.075269
4722.413793
3826.923077
4686.643836
4770.034843
3697.318008
4727.739726
4069.852941
4793.706294
4752.669039
4770.034843
4808.243728
4772.084806
4793.706294
4667.235495
4738.754325
4069.852941
4716.262976
4722.413793
4721.649485
4770.034843
3697.318008
4222.014925
4667.235495
4772.084806
4771.428571
3466.92607
4752.669039
2054.104478
4667.235495
4738.754325
3957.142857
4722.413793
4112.132353
4686.643836
4777.972028
2054.104478
4295.112782
4770.034843
4724.381625
3826.923077
4727.739726
4686.643836
4738.754325
3466.92607
4686.643836
4738.754325
3697.318008
4770.034843
4727.739726
4722.413793
4776.223776
3768.48249
3697.318008
4716.262976
4738.754325
4069.852941
4777.972028
4686.643836
4738.754325
4727.739726
3466.92607
4771.428571
3826.923077
3957.142857
4770.034843
4389.513109
4772.727273
4677.007299
4069.852941
4222.014925
2054.104478
3425.0
4727.739726
3768.48249
3826.923077
3826.923077
4793.706294
4667.235495
4772.727273
4738.754325
4772.084806
4724.381625
4721.649485
4667.235495
4222.014925
2054.104478
4295.112782
4722.413793
3826.923077
3957.142857
4219.78022
4727.739726
4686.643836
4045.454545
2054.104478
3425.0
4389.513109
4716.262976
4722.413793
4772.727273
3697.318008
4772.727273
4721.649485
4667.235495
2750.972763
3164.396887
4727.739726
3768.48249
4667.235495
4776.223776
3164.396887
4772.727273
3768.48249
4727.739726
4722.413793
4686.643836
4667.235495
3826.923077
4667.235495
4793.706294
3768.48249
4727.739726
4772.727273
4772.727273
2054.104478
4772.727273
4686.643836
4295.112782
4686.643836
4772.727273
4722.413793
4667.235495
4721.649485
4722.413793
4667.235495
4069.852941
4069.852941
3164.396887
3164.396887
2750.972763
4772.727273
4667.235495
4770.034843
2054.104478
3768.48249
4069.852941
4727.739726
2054.104478
3164.396887
4738.754325
4222.014925
4772.727273
4793.706294
4738.754325
4722.413793
4727.739726
4686.643836
4727.739726
2750.972763
2054.104478
4667.235495
4724.381625
2750.972763
2054.104478
2750.972763
2054.104478
4770.034843
4776.223776
4721.649485
4721.649485
4772.727273
4667.235495
4722.413793
2054.104478
3164.396887
4667.235495
3466.92607
4716.262976
4722.413793
3697.318008
4724.381625
4793.706294
4770.034843
4727.739726
4069.852941
4776.223776
4721.649485
3697.318008
4738.754325
3466.92607
4727.739726
2750.972763
3466.92607
4722.413793
3164.396887
4667.235495
4667.235495
4770.034843
3164.396887
4727.739726
4716.262976
3164.396887
2054.104478
3164.396887
4727.739726
4284.926471
4069.852941
4722.413793
4727.739726
4069.852941
3826.923077
4727.739726
4721.649485
4069.852941
4738.754325
4721.649485
3466.92607
4770.034843
4738.754325
4667.235495
2750.972763
4686.643836
3768.48249
2054.104478
4793.706294
2750.972763
4219.78022
4793.706294
3768.48249
4793.706294
4772.727273
3164.396887
4738.754325
4793.706294
2750.972763
3466.92607
4738.754325
3826.923077
4727.739726
4716.262976
4686.643836
3466.92607
3466.92607
4430.451128
3164.396887
4686.643836
3164.396887
4686.643836
3697.318008
3697.318008
4686.643836
3164.396887
4722.413793
4722.413793
4776.223776
4667.235495
4716.262976
4793.706294
2054.104478
4045.454545
4722.413793
4667.235495
4722.413793
4738.754325
4776.223776
4721.649485
3957.142857
3466.92607
2054.104478
4808.243728
3466.92607
3957.142857
3697.318008
4777.972028
3164.396887
3697.318008
4716.262976
4284.926471
2054.104478
3466.92607
4722.413793
3466.92607
4738.754325
3697.318008
4716.262976
4069.852941
4667.235495
3826.923077
4727.739726
3697.318008
4724.381625
4738.754325
4667.235495
4770.034843
4686.643836
4772.727273
4793.706294
3466.92607
4738.754325
4722.413793
4667.235495
4752.669039
4721.649485
3697.318008
3826.923077
2054.104478
4793.706294
4738.754325
4738.754325
3768.48249
3164.396887
3425.0
4222.014925
4738.754325
4721.649485
4112.132353
4716.262976
4738.754325
4667.235495
2750.972763
3826.923077
4667.235495
4722.413793
4686.643836
4721.649485
3466.92607
3164.396887
3697.318008
4738.754325
3826.923077
4727.739726
2054.104478
4686.643836
3164.396887
4727.739726
3768.48249
3164.396887
4772.727273
4069.852941
4716.262976
3466.92607
4727.739726
4721.649485
3697.318008
4776.223776
4729.681979
4722.413793
4771.428571
2750.972763
4845.01845
3466.92607
4112.132353
4430.451128
4738.754325
2054.104478
4738.754325
4686.643836
3826.923077
4716.262976
4722.413793
4686.643836
4716.262976
4721.649485
3425.0
2054.104478
4724.381625
3466.92607
4772.727273
2750.972763
4722.413793
4772.727273
4721.649485
3957.142857
4722.413793
3466.92607
3768.48249
3697.318008
2054.104478
3164.396887
4727.739726
4716.262976
4716.262976
4727.739726
4721.649485
3957.142857
3466.92607
4722.413793
4667.235495
2750.972763
4776.223776
4721.649485
4721.649485
4722.413793
2750.972763
2750.972763
4772.084806
2054.104478
4752.669039
4721.649485
3164.396887
4772.727273
4738.754325
2054.104478
3768.48249
3164.396887
4738.754325
