1 2055.664062
0 1435.546875
10 2060.546875
11 1748.046875
100 2060.546875
101 2060.546875
110 2060.546875
111 1904.296875
1000 2468.75
1001 2468.75
1010 2468.75
1011 2468.75
1100 2468.75
1101 2468.75
1110 2468.75
1111 2390.625
10000 2500.0
10001 2500.0
10010 2500.0
10011 2500.0
10100 2500.0
10101 2500.0
10110 2500.0
10111 2500.0
11000 2484.375
11001 2484.375
11010 2484.375
11011 2484.375
11100 2484.375
11101 2484.375
11110 2484.375
11111 2445.3125
100000 2500.0
100001 2500.0
100010 2500.0
100011 2500.0
100100 2500.0
100101 2500.0
100110 2500.0
100111 2500.0
101000 2500.0
101001 2500.0
101010 2500.0
101011 2500.0
101100 2500.0
101101 2500.0
101110 2500.0
101111 2500.0
110000 2500.0
110001 2500.0
110010 2500.0
110011 2500.0
110100 2500.0
110101 2500.0
110110 2500.0
110111 2500.0
111000 2492.1875
111001 2492.1875
111010 2492.1875
111011 2492.1875
111100 2492.1875
111101 2492.1875
111110 2492.1875
111111 2472.65625
1000000 2500.0
1000001 2500.0
1000010 2500.0
1000011 2500.0
1000100 2500.0
1000101 2500.0
1000110 2500.0
1000111 2500.0
1001000 2500.0
1001001 2500.0
1001010 2500.0
1001011 2500.0
1001100 2500.0
1001101 2500.0
1001110 2500.0
1001111 2500.0
1010000 2500.0
1010001 2500.0
1010010 2500.0
1010011 2500.0
1010100 2500.0
1010101 2500.0
1010110 2500.0
1010111 2500.0
1011000 2500.0
1011001 2500.0
1011010 2500.0
1011011 2500.0
1011100 2500.0
1011101 2500.0
1011110 2500.0
1011111 2500.0
1100000 2500.0
1100001 2500.0
1100010 2500.0
1100011 2500.0
1100100 2500.0
1100101 2500.0
1100110 2500.0
1100111 2500.0
1101000 2500.0
1101001 2500.0
1101010 2500.0
1101011 2500.0
1101100 2500.0
1101101 2500.0
1101110 2500.0
1101111 2500.0
1110000 2500.0
1110001 2500.0
1110010 2500.0
1110011 2500.0
1110100 2500.0
1110101 2500.0
1110110 2500.0
1110111 2500.0
1111000 2494.140625
1111001 2494.140625
1111010 2494.140625
1111011 2494.140625
1111100 2494.140625
1111101 2494.140625
1111110 2494.140625
1111111 2484.375
10000000 2060.546875
10000001 2060.546875
10000010 2060.546875
10000011 2060.546875
10000100 2060.546875
10000101 2060.546875
10000110 2060.546875
10000111 2060.546875
10001000 2468.75
10001001 2468.75
10001010 2468.75
10001011 2468.75
10001100 2468.75
10001101 2468.75
10001110 2468.75
10001111 2468.75
10010000 2500.0
10010001 2500.0
10010010 2500.0
10010011 2500.0
10010100 2500.0
10010101 2500.0
10010110 2500.0
10010111 2500.0
10011000 2484.375
10011001 2484.375
10011010 2484.375
10011011 2484.375
10011100 2484.375
10011101 2484.375
10011110 2484.375
10011111 2484.375
10100000 2500.0
10100001 2500.0
10100010 2500.0
10100011 2500.0
10100100 2500.0
10100101 2500.0
10100110 2500.0
10100111 2500.0
10101000 2500.0
10101001 2500.0
10101010 2500.0
10101011 2500.0
10101100 2500.0
10101101 2500.0
10101110 2500.0
10101111 2500.0
10110000 2500.0
10110001 2500.0
10110010 2500.0
10110011 2500.0
10110100 2500.0
10110101 2500.0
10110110 2500.0
10110111 2500.0
10111000 2492.1875
10111001 2492.1875
10111010 2492.1875
10111011 2492.1875
10111100 2492.1875
10111101 2492.1875
10111110 2492.1875
10111111 2492.1875
11000000 2500.0
11000001 2500.0
11000010 2500.0
11000011 2500.0
11000100 2500.0
11000101 2500.0
11000110 2500.0
11000111 2500.0
11001000 2500.0
11001001 2500.0
11001010 2500.0
11001011 2500.0
11001100 2500.0
11001101 2500.0
11001110 2500.0
11001111 2500.0
11010000 2500.0
11010001 2500.0
11010010 2500.0
11010011 2500.0
11010100 2500.0
11010101 2500.0
11010110 2500.0
11010111 2500.0
11011000 2500.0
11011001 2500.0
11011010 2500.0
11011011 2500.0
11011100 2500.0
11011101 2500.0
11011110 2500.0
11011111 2500.0
11100000 2500.0
11100001 2500.0
11100010 2500.0
11100011 2500.0
11100100 2500.0
11100101 2500.0
11100110 2500.0
11100111 2500.0
11101000 2500.0
11101001 2500.0
11101010 2500.0
11101011 2500.0
11101100 2500.0
11101101 2500.0
11101110 2500.0
11101111 2500.0
11110000 2500.0
11110001 2500.0
11110010 2500.0
11110011 2500.0
11110100 2500.0
11110101 2500.0
11110110 2500.0
11110111 2500.0
11111000 2494.140625
11111001 2494.140625
11111010 2494.140625
11111011 2494.140625
11111100 2494.140625
11111101 2494.140625
11111110 2494.140625
11111111 2489.257812
