1 2540.262172
0 1787.644788
10 2856.630824
11 2572.463768
100 3554.945055
101 3470.909091
110 3503.663004
111 3281.25
1000 4118.518519
1001 4118.518519
1010 4104.779412
1011 4098.148148
1100 4085.766423
1101 4080.0
1110 4025.362319
1111 3917.279412
10000 4555.970149
10001 4554.307116
10010 4550.75188
10011 4539.473684
10100 4515.037594
10101 4513.157895
10110 4526.315789
10111 4524.43609
11000 4417.582418
11001 4402.173913
11010 4414.545455
11011 4440.95941
11100 4446.691176
11101 4438.888889
11110 4405.904059
11111 4356.088561
100000 4797.297297
100001 4797.297297
100010 4801.158301
100011 4801.158301
100100 4785.440613
100101 4785.440613
100110 4775.862069
100111 4773.94636
101000 4766.159696
101001 4766.159696
101010 4769.811321
101011 4777.358491
101100 4823.076923
101101 4821.153846
101110 4814.885496
101111 4803.435115
110000 4661.710037
110001 4661.710037
110010 4679.104478
110011 4680.970149
110100 4696.969697
110101 4690.566038
110110 4696.969697
110111 4695.075758
111000 4750.0
111001 4733.082707
111010 4728.464419
111011 4735.849057
111100 4734.962406
111101 4734.962406
111110 4723.684211
111111 4692.883895
1000000 5035.019455
1000001 5035.019455
1000010 5031.128405
1000011 5031.128405
1000100 5035.019455
1000101 5035.019455
1000110 5042.801556
1000111 5040.856031
1001000 4925.572519
1001001 4927.480916
1001010 4921.455939
1001011 4914.122137
1001100 4914.448669
1001101 4921.755725
1001110 4921.755725
1001111 4923.664122
1010000 4908.088235
1010001 4915.129151
1010010 4925.925926
1010011 4942.164179
1010100 4990.601504
1010101 4981.273408
1010110 5001.872659
1010111 5013.157895
1011000 5041.666667
1011001 5041.666667
1011010 5041.666667
1011011 5047.528517
1011100 4998.120301
1011101 4988.764045
1011110 4996.226415
1011111 4992.481203
1100000 4904.059041
1100001 4920.074349
1100010 4911.111111
1100011 4909.259259
1100100 4914.498141
1100101 4914.498141
1100110 4926.966292
1100111 4945.283019
1101000 4984.790875
1101001 4984.790875
1101010 4980.988593
1101011 4980.988593
1101100 4953.358209
1101101 4960.674157
1101110 4960.820896
1101111 4958.955224
1110000 5061.068702
1110001 5055.13308
1110010 5049.242424
1110011 5039.772727
1110100 5049.242424
1110101 5049.242424
1110110 5045.454545
1110111 5051.330798
1111000 5030.188679
1111001 5030.188679
1111010 5047.528517
1111011 5057.251908
1111100 4996.296296
1111101 5001.858736
1111110 5000.0
1111111 4987.037037
10000000 4922.222222
10000001 4922.222222
10000010 4918.518519
10000011 4918.518519
10000100 4920.074349
10000101 4920.074349
10000110 4929.104478
10000111 4927.238806
10001000 4908.58209
10001001 4908.58209
10001010 4907.063197
10001011 4914.179104
10001100 4910.447761
10001101 4910.447761
10001110 4908.921933
10001111 4912.313433
10010000 4879.245283
10010001 4879.245283
10010010 4866.541353
10010011 4889.73384
10010100 4868.320611
10010101 4868.320611
10010110 4863.636364
10010111 4874.524715
10011000 4861.423221
10011001 4861.423221
10011010 4862.781955
10011011 4855.805243
10011100 4877.819549
10011101 4877.819549
10011110 4864.661654
10011111 4864.661654
10100000 4877.737226
10100001 4874.545455
10100010 4886.446886
10100011 4882.783883
10100100 4863.138686
10100101 4875.457875
10100110 4872.262774
10100111 4887.867647
10101000 4942.164179
10101001 4949.438202
10101010 4945.895522
10101011 4929.62963
10101100 4975.56391
10101101 4975.56391
10101110 4971.910112
10101111 4971.910112
10110000 4986.792453
10110001 4986.792453
10110010 4984.90566
10110011 4986.792453
10110100 4984.962406
10110101 4984.962406
10110110 4998.106061
10110111 4994.339623
10111000 4979.477612
10111001 4979.477612
10111010 4970.37037
10111011 4970.37037
10111100 4992.45283
10111101 4992.45283
10111110 4984.962406
10111111 4984.962406
11000000 5070.881226
11000001 5080.769231
11000010 4975.925926
11000011 5007.490637
11000100 5068.965517
11000101 5053.435115
11000110 5045.454545
11000111 5055.343511
11001000 5031.954887
11001001 5028.089888
11001010 5031.835206
11001011 5031.835206
11001100 5053.639847
11001101 5045.801527
11001110 5038.022814
11001111 5049.618321
11010000 5062.030075
11010001 5054.307116
11010010 5039.179104
11010011 5048.689139
11010100 5062.5
11010101 5074.144487
11010110 5079.847909
11010111 5077.946768
11011000 5085.877863
11011001 5083.969466
11011010 5083.969466
11011011 5083.969466
11011100 5070.342205
11011101 5082.061069
11011110 5077.651515
11011111 5087.452471
11100000 5007.380074
11100001 5039.179104
11100010 5016.605166
11100011 5035.315985
11100100 4992.619926
11100101 4992.619926
11100110 4990.808824
11100111 5009.259259
11101000 5093.51145
11101001 5093.51145
11101010 5097.701149
11101011 5082.061069
11101100 5075.471698
11101101 5079.245283
11101110 5058.052434
11101111 5071.428571
11110000 5183.397683
11110001 5175.0
11110010 5175.0
11110011 5171.153846
11110100 5167.307692
11110101 5167.307692
11110110 5162.835249
11110111 5162.835249
11111000 5154.440154
11111001 5162.790698
11111010 5160.852713
11111011 5154.440154
11111100 5115.530303
11111101 5115.530303
11111110 5111.320755
11111111 5114.583333
