1 3164.396887
0 2054.104478
10 3466.92607
11 2750.972763
100 3768.48249
101 3697.318008
110 3826.923077
111 3425.0
1000 4069.852941
1001 3957.142857
1010 4222.014925
1011 4112.132353
1100 4295.112782
1101 4219.78022
1110 4284.926471
1111 4045.454545
10000 4389.513109
10001 4363.29588
10010 4430.451128
10011 4400.749064
10100 4487.084871
10101 4485.239852
10110 4479.85348
10111 4456.043956
11000 4452.727273
11001 4381.205674
11010 4531.135531
11011 4450.0
11100 4521.582734
11101 4491.103203
11110 4516.071429
11111 4357.638889
100000 4578.651685
100001 4581.132075
100010 4619.850187
100011 4602.61194
100100 4677.655678
100101 4677.007299
100110 4683.823529
100111 4669.117647
101000 4804.832714
101001 4789.962825
101010 4845.01845
101011 4821.03321
101100 4808.243728
101101 4801.075269
101110 4820.284698
101111 4772.084806
110000 4729.681979
110001 4724.381625
110010 4771.428571
110011 4752.669039
110100 4777.972028
110101 4776.223776
110110 4793.706294
110111 4770.034843
111000 4716.262976
111001 4686.643836
111010 4772.727273
111011 4738.754325
111100 4721.649485
111101 4722.413793
111110 4727.739726
111111 4667.235495
1000000 4825.670498
1000001 4819.923372
1000010 4795.454545
1000011 4809.160305
1000100 4826.007326
1000101 4773.381295
1000110 4794.223827
1000111 4778.776978
1001000 4892.592593
1001001 4895.910781
1001010 4895.985401
1001011 4891.941392
1001100 4861.510791
1001101 4840.501792
1001110 4856.382979
1001111 4857.142857
1010000 4867.307692
1010001 4861.538462
1010010 4886.538462
1010011 4889.96139
1010100 4873.161765
1010101 4873.161765
1010110 4848.375451
1010111 4853.26087
1011000 4827.137546
1011001 4846.441948
1011010 4872.659176
1011011 4847.583643
1011100 4840.659341
1011101 4840.659341
1011110 4834.545455
1011111 4825.454545
1100000 4808.712121
1100001 4847.490347
1100010 4875.478927
1100011 4875.0
1100100 4890.566038
1100101 4855.018587
1100110 4878.277154
1100111 4861.940299
1101000 4905.555556
1101001 4885.608856
1101010 4917.279412
1101011 4911.439114
1101100 4946.296296
1101101 4946.296296
1101110 4932.234432
1101111 4924.632353
1110000 4922.053232
1110001 4912.547529
1110010 4928.301887
1110011 4933.460076
1110100 4922.794118
1110101 4933.333333
1110110 4935.424354
1110111 4924.354244
1111000 4874.087591
1111001 4875.457875
1111010 4907.608696
1111011 4899.635036
1111100 4889.285714
1111101 4885.714286
1111110 4905.017921
1111111 4857.651246
10000000 4888.086643
10000001 5045.977011
10000010 5003.745318
10000011 5045.801527
10000100 5049.618321
10000101 5061.302682
10000110 5045.627376
10000111 5055.343511
10001000 4960.144928
10001001 4996.309963
10001010 4969.202899
10001011 4985.347985
10001100 4954.545455
10001101 4968.864469
10001110 4960.144928
10001111 4978.021978
10010000 5033.333333
10010001 5050.561798
10010010 5029.304029
10010011 5037.037037
10010100 5011.029412
10010101 5022.140221
10010110 5005.494505
10010111 5020.295203
10011000 4992.509363
10011001 4992.481203
10011010 4996.296296
10011011 4986.988848
10011100 4992.647059
10011101 5005.555556
10011110 4990.875912
10011111 4998.154982
10100000 5030.651341
10100001 5094.117647
10100010 4996.240602
10100011 5083.657588
10100100 5063.461538
10100101 5065.384615
10100110 5011.363636
10100111 5091.439689
10101000 5013.059701
10101001 5035.849057
10101010 4985.507246
10101011 5014.705882
10101100 5055.970149
10101101 5069.548872
10101110 5031.365314
10101111 5081.132075
10110000 5062.015504
10110001 5074.21875
10110010 5015.09434
10110011 5049.808429
10110100 5041.353383
10110101 5053.030303
10110110 5037.453184
10110111 5058.712121
10111000 4992.537313
10111001 5018.867925
10111010 5003.703704
10111011 5022.38806
10111100 4958.181818
10111101 4961.678832
10111110 4956.521739
10111111 4976.190476
11000000 4715.547703
11000001 4756.272401
11000010 4716.549296
11000011 4762.589928
11000100 4736.654804
11000101 4793.79562
11000110 4714.035088
11000111 4767.985612
11001000 4830.223881
11001001 4830.223881
11001010 4803.249097
11001011 4815.693431
11001100 4732.142857
11001101 4763.636364
11001110 4775.985663
11001111 4813.186813
11010000 4863.117871
11010001 4864.503817
11010010 4874.045802
11010011 4862.59542
11010100 4851.503759
11010101 4854.716981
11010110 4852.61194
11010111 4866.037736
11011000 4827.715356
11011001 4854.166667
11011010 4843.283582
11011011 4847.744361
11011100 4835.849057
11011101 4840.304183
11011110 4857.954545
11011111 4864.503817
11100000 4939.622642
11100001 4948.863636
11100010 4923.220974
11100011 4934.210526
11100100 4908.921933
11100101 4902.214022
11100110 4894.833948
11100111 4902.214022
11101000 4935.897436
11101001 4964.684015
11101010 4926.258993
11101011 4965.073529
11101100 4911.870504
11101101 4932.727273
11101110 4905.357143
11101111 4941.818182
11110000 4913.284133
11110001 4920.074349
11110010 4897.435897
11110011 4893.772894
11110100 4887.681159
11110101 4897.810219
11110110 4900.362319
11110111 4908.759124
11111000 4911.111111
11111001 4916.666667
11111010 4909.926471
11111011 4909.926471
11111100 4861.209964
11111101 4866.071429
11111110 4889.891697
11111111 4880.395683
