1 2347.864769
0 1770.992366
10 2784.644195
11 2417.938931
100 3355.555556
101 3344.444444
110 3223.776224
111 3177.935943
1000 4045.454545
1001 4030.909091
1010 4003.663004
1011 4003.663004
1100 3943.462898
1101 3886.925795
1110 3827.526132
1111 3743.103448
10000 4567.857143
10001 4569.395018
10010 4556.737589
10011 4556.939502
10100 4569.090909
10101 4557.761733
10110 4551.785714
10111 4566.546763
11000 4431.338028
11001 4444.839858
11010 4419.014085
11011 4415.194346
11100 4387.5
11101 4379.928315
11110 4348.920863
11111 4329.181495
100000 4916.015625
100001 4917.96875
100010 4900.390625
100011 4900.390625
100100 4887.159533
100101 4887.159533
100110 4879.377432
100111 4881.322957
101000 4854.651163
101001 4854.651163
101010 4856.589147
101011 4854.651163
101100 4851.351351
101101 4853.281853
101110 4851.351351
101111 4848.076923
110000 4816.849817
110001 4822.878229
110010 4834.572491
110011 4822.222222
110100 4811.808118
110101 4797.04797
110110 4781.818182
110111 4792.279412
111000 4742.647059
111001 4742.647059
111010 4741.697417
111011 4747.232472
111100 4726.102941
111101 4717.948718
111110 4736.162362
111111 4708.791209
1000000 5121.621622
1000001 5125.968992
1000010 5127.906977
1000011 5127.906977
1000100 5097.701149
1000101 5097.701149
1000110 5083.333333
1000111 5095.785441
1001000 5072.796935
1001001 5072.796935
1001010 5075.0
1001011 5075.0
1001100 5064.885496
1001101 5064.885496
1001110 5072.796935
1001111 5080.769231
1010000 4992.481203
1010001 4998.113208
1010010 5003.787879
1010011 5003.787879
1010100 4988.679245
1010101 4988.679245
1010110 4984.90566
1010111 4988.593156
1011000 4982.954545
1011001 4981.060606
1011010 4990.530303
1011011 4996.197719
1011100 4975.471698
1011101 4981.060606
1011110 4975.378788
1011111 4980.988593
1100000 5032.945736
1100001 5032.945736
1100010 5023.255814
1100011 5017.374517
1100100 5017.509728
1100101 5013.618677
1100110 5013.565891
1100111 5011.583012
1101000 5015.384615
1101001 5015.384615
1101010 5005.769231
1101011 5003.846154
1101100 4996.153846
1101101 4996.153846
1101110 5000.0
1101111 5000.0
1110000 4890.566038
1110001 4897.727273
1110010 4892.45283
1110011 4892.45283
1110100 4883.458647
1110101 4883.458647
1110110 4886.792453
1110111 4895.833333
1111000 4892.592593
1111001 4890.740741
1111010 4892.98893
1111011 4891.143911
1111100 4894.444444
1111101 4896.296296
1111110 4874.538745
1111111 4872.693727
10000000 4801.158301
10000001 4793.436293
10000010 4796.153846
10000011 4798.076923
10000100 4816.602317
10000101 4816.602317
10000110 4817.829457
10000111 4821.705426
10001000 4853.053435
10001001 4851.145038
10001010 4858.237548
10001011 4860.153257
10001100 4868.821293
10001101 4866.920152
10001110 4866.412214
10001111 4870.229008
10010000 4918.287938
10010001 4920.233463
10010010 4914.396887
10010011 4914.396887
10010100 4916.015625
10010101 4916.015625
10010110 4908.560311
10010111 4908.560311
10011000 4888.671875
10011001 4888.671875
10011010 4891.050584
10011011 4891.050584
10011100 4884.765625
10011101 4884.765625
10011110 4878.90625
10011111 4886.71875
10100000 4910.358566
10100001 4912.350598
10100010 4898.0
10100011 4900.0
10100100 4892.430279
10100101 4892.430279
10100110 4886.454183
10100111 4884.920635
10101000 4800.387597
10101001 4800.387597
10101010 4820.3125
10101011 4818.359375
10101100 4805.447471
10101101 4805.447471
10101110 4813.229572
10101111 4810.546875
10110000 4797.619048
10110001 4795.634921
10110010 4744.186047
10110011 4742.248062
10110100 4763.671875
10110101 4759.765625
10110110 4752.918288
10110111 4750.0
10111000 4769.379845
10111001 4769.379845
10111010 4756.756757
10111011 4756.756757
10111100 4758.754864
10111101 4756.809339
10111110 4797.619048
10111111 4800.395257
11000000 5064.0
11000001 5066.0
11000010 5053.784861
11000011 5053.784861
11000100 5035.433071
11000101 5035.433071
11000110 5039.525692
11000111 5035.573123
11001000 5030.0
11001001 5030.0
11001010 5020.0
11001011 5020.0
11001100 5018.0
11001101 5016.0
11001110 5016.064257
11001111 5020.080321
11010000 4943.359375
11010001 4935.797665
11010010 4909.266409
11010011 4907.335907
11010100 4880.228137
11010101 4880.228137
11010110 4871.212121
11010111 4863.636364
11011000 4861.867704
11011001 4852.713178
11011010 4854.651163
11011011 4854.651163
11011100 4844.357977
11011101 4853.515625
11011110 4868.627451
11011111 4875.984252
11100000 4844.621514
11100001 4844.621514
11100010 4839.285714
11100011 4841.269841
11100100 4828.685259
11100101 4821.428571
11100110 4832.0
11100111 4826.693227
11101000 4826.171875
11101001 4826.171875
11101010 4827.45098
11101011 4814.453125
11101100 4818.359375
11101101 4807.392996
11101110 4822.957198
11101111 4826.848249
11110000 4823.754789
11110001 4826.923077
11110010 4814.176245
11110011 4819.230769
11110100 4776.315789
11110101 4770.676692
11110110 4761.19403
11110111 4771.535581
11111000 4852.272727
11111001 4852.272727
11111010 4847.169811
11111011 4836.466165
11111100 4825.18797
11111101 4842.80303
11111110 4843.984962
11111111 4850.0
