4003.663004
3177.935943
4742.647059
4781.818182
1770.992366
4834.572491
4811.808118
4741.697417
3177.935943
2347.864769
3344.444444
4747.232472
2784.644195
4781.818182
4747.232472
4781.818182
2417.938931
4045.454545
2417.938931
3943.462898
2784.644195
2417.938931
3943.462898
4717.948718
4045.454545
4834.572491
3223.776224
4797.04797
4792.279412
4717.948718
3177.935943
2347.864769
4811.808118
1770.992366
2417.938931
4742.647059
4726.102941
4781.818182
4726.102941
4030.909091
2417.938931
4717.948718
4726.102941
1770.992366
3177.935943
4708.791209
4741.697417
4030.909091
4726.102941
4567.857143
4851.351351
4717.948718
2347.864769
4792.279412
3355.555556
4736.162362
2417.938931
3177.935943
4030.909091
4708.791209
2784.644195
3223.776224
4854.651163
4708.791209
4811.808118
3177.935943
4797.04797
1770.992366
2347.864769
2417.938931
3827.526132
4045.454545
1770.992366
4797.04797
2784.644195
2417.938931
4030.909091
2784.644195
2784.644195
3177.935943
3223.776224
2417.938931
2784.644195
4792.279412
2417.938931
2784.644195
4822.222222
4741.697417
2347.864769
3344.444444
1770.992366
4741.697417
4741.697417
4736.162362
4717.948718
3344.444444
4781.818182
4747.232472
4792.279412
4045.454545
3177.935943
4747.232472
4708.791209
4708.791209
4726.102941
4742.647059
4792.279412
2784.644195
4811.808118
3344.444444
3344.444444
4708.791209
4726.102941
3886.925795
4030.909091
4557.761733
3223.776224
3177.935943
2417.938931
3827.526132
2417.938931
3743.103448
4736.162362
1770.992366
4742.647059
4747.232472
4742.647059
4747.232472
3344.444444
4045.454545
4822.878229
3223.776224
4822.878229
4822.878229
2347.864769
4708.791209
4792.279412
1770.992366
2347.864769
4736.162362
4708.791209
2417.938931
4816.849817
4822.222222
1770.992366
3355.555556
4741.697417
2347.864769
4736.162362
4816.849817
4797.04797
2417.938931
4811.808118
2347.864769
2417.938931
1770.992366
3177.935943
1770.992366
4816.849817
4556.939502
2784.644195
2347.864769
4736.162362
4708.791209
4726.102941
4708.791209
4851.351351
4742.647059
4736.162362
1770.992366
4726.102941
4726.102941
2784.644195
4030.909091
1770.992366
2347.864769
4717.948718
4742.647059
4708.791209
4797.04797
2347.864769
4726.102941
3355.555556
4736.162362
4003.663004
3827.526132
4726.102941
4747.232472
3344.444444
4742.647059
4736.162362
4792.279412
4708.791209
4741.697417
3177.935943
2417.938931
4747.232472
3177.935943
1770.992366
4742.647059
4726.102941
3177.935943
4736.162362
2347.864769
4741.697417
3886.925795
3943.462898
3355.555556
4736.162362
4848.076923
4742.647059
4726.102941
2347.864769
3943.462898
4781.818182
4797.04797
2347.864769
4736.162362
3223.776224
2347.864769
2347.864769
4717.948718
4848.076923
3355.555556
2784.644195
3355.555556
3344.444444
4708.791209
4736.162362
4742.647059
4708.791209
4742.647059
2347.864769
3344.444444
4747.232472
3344.444444
4030.909091
3177.935943
2347.864769
4741.697417
3886.925795
3344.444444
4781.818182
4747.232472
4045.454545
4708.791209
1770.992366
3177.935943
4781.818182
4736.162362
3886.925795
2784.644195
4781.818182
4781.818182
4742.647059
4556.939502
3943.462898
4742.647059
4742.647059
2417.938931
4708.791209
4822.222222
4003.663004
3344.444444
4003.663004
4797.04797
3223.776224
1770.992366
3355.555556
3355.555556
4781.818182
4822.878229
4717.948718
4708.791209
2784.644195
4747.232472
3827.526132
4717.948718
4742.647059
2784.644195
4822.878229
2347.864769
4708.791209
4856.589147
4045.454545
4742.647059
4742.647059
2417.938931
4736.162362
4736.162362
4726.102941
2347.864769
1770.992366
4045.454545
4708.791209
4747.232472
4726.102941
4742.647059
4045.454545
1770.992366
4741.697417
4736.162362
4717.948718
3943.462898
3223.776224
2347.864769
4747.232472
4797.04797
4747.232472
2784.644195
4717.948718
4736.162362
2784.644195
4708.791209
4045.454545
4747.232472
4742.647059
4747.232472
4742.647059
4797.04797
3344.444444
4003.663004
2784.644195
2417.938931
4742.647059
3355.555556
4717.948718
4726.102941
4736.162362
4781.818182
1770.992366
2347.864769
4851.351351
4742.647059
4792.279412
2784.644195
4747.232472
1770.992366
2784.644195
4816.849817
3344.444444
4792.279412
4742.647059
3223.776224
4781.818182
2417.938931
1770.992366
4781.818182
3827.526132
4741.697417
4003.663004
3943.462898
4726.102941
4781.818182
4741.697417
2347.864769
4811.808118
3223.776224
4747.232472
2347.864769
2784.644195
4781.818182
4747.232472
4736.162362
4742.647059
4742.647059
4742.647059
2417.938931
3344.444444
1770.992366
3344.444444
4045.454545
4717.948718
4741.697417
4726.102941
4717.948718
2347.864769
3943.462898
4726.102941
4717.948718
3355.555556
4736.162362
4736.162362
4781.818182
4717.948718
1770.992366
4030.909091
2784.644195
4742.647059
4717.948718
3355.555556
4742.647059
4736.162362
4708.791209
3827.526132
3177.935943
4742.647059
4726.102941
1770.992366
4792.279412
4030.909091
3344.444444
2347.864769
4736.162362
2417.938931
3344.444444
1770.992366
4741.697417
4797.04797
3344.444444
1770.992366
3355.555556
4726.102941
2784.644195
3355.555556
2417.938931
4741.697417
2417.938931
1770.992366
3223.776224
4030.909091
1770.992366
3344.444444
4822.878229
4742.647059
4030.909091
2347.864769
3743.103448
4708.791209
4797.04797
2347.864769
4736.162362
4003.663004
4741.697417
2784.644195
4736.162362
4708.791209
4781.818182
2417.938931
3344.444444
4742.647059
3344.444444
4822.878229
4726.102941
4741.697417
2347.864769
4781.818182
3355.555556
2417.938931
4781.818182
3344.444444
4747.232472
1770.992366
4848.076923
4726.102941
4822.878229
3223.776224
2347.864769
1770.992366
3886.925795
4747.232472
4003.663004
4816.849817
3743.103448
4781.818182
4708.791209
4556.737589
1770.992366
3177.935943
3355.555556
4736.162362
2784.644195
4742.647059
4742.647059
3355.555556
4742.647059
3344.444444
3223.776224
3344.444444
4045.454545
4742.647059
3355.555556
3223.776224
2417.938931
4708.791209
4792.279412
3827.526132
1770.992366
3355.555556
4742.647059
4781.818182
2347.864769
4741.697417
4848.076923
4726.102941
2784.644195
4736.162362
3344.444444
2347.864769
3177.935943
3355.555556
3223.776224
4569.395018
4747.232472
4797.04797
4741.697417
4742.647059
3355.555556
4736.162362
4717.948718
4726.102941
4003.663004
4822.222222
4736.162362
4741.697417
1770.992366
4742.647059
3223.776224
4717.948718
4708.791209
4569.395018
1770.992366
4003.663004
4742.647059
4717.948718
4726.102941
4747.232472
4726.102941
1770.992366
4747.232472
4030.909091
4708.791209
4003.663004
4747.232472
4741.697417
2417.938931
2347.864769
2347.864769
2347.864769
3223.776224
3827.526132
4747.232472
4736.162362
4045.454545
4741.697417
4708.791209
2347.864769
4717.948718
3344.444444
2347.864769
4726.102941
4741.697417
2347.864769
4741.697417
4717.948718
4741.697417
3355.555556
4708.791209
3355.555556
4717.948718
4003.663004
2347.864769
2347.864769
4708.791209
3223.776224
4811.808118
3355.555556
4708.791209
4747.232472
3177.935943
2784.644195
3344.444444
4742.647059
4797.04797
3355.555556
4741.697417
2347.864769
4747.232472
4708.791209
4781.818182
4736.162362
4726.102941
4708.791209
4717.948718
4742.647059
2417.938931
4834.572491
3344.444444
4792.279412
4717.948718
2347.864769
4567.857143
3177.935943
4708.791209
4797.04797
3943.462898
2417.938931
2784.644195
4726.102941
2784.644195
4781.818182
4797.04797
4045.454545
3355.555556
4741.697417
4742.647059
3355.555556
3344.444444
1770.992366
4708.791209
4741.697417
4853.281853
2417.938931
3355.555556
3177.935943
1770.992366
2417.938931
4811.808118
4797.04797
4797.04797
4781.818182
2417.938931
4781.818182
4741.697417
4742.647059
3355.555556
4708.791209
4030.909091
2784.644195
3355.555556
4708.791209
4717.948718
4834.572491
4747.232472
2417.938931
4736.162362
3355.555556
4736.162362
4797.04797
4717.948718
4822.222222
4045.454545
4736.162362
4708.791209
4030.909091
4736.162362
4708.791209
3177.935943
2347.864769
4742.647059
1770.992366
1770.992366
4717.948718
3223.776224
3223.776224
4736.162362
1770.992366
4717.948718
4822.222222
4726.102941
4708.791209
2784.644195
1770.992366
4030.909091
4747.232472
4708.791209
4717.948718
2347.864769
4742.647059
4747.232472
4742.647059
4854.651163
4742.647059
4045.454545
4567.857143
4856.589147
4045.454545
3355.555556
3177.935943
4747.232472
4781.818182
3344.444444
3355.555556
4834.572491
4811.808118
4797.04797
4708.791209
4045.454545
2417.938931
4811.808118
4726.102941
4853.281853
2347.864769
2784.644195
4742.647059
4741.697417
3344.444444
2417.938931
4726.102941
4726.102941
4736.162362
3355.555556
2784.644195
2784.644195
2417.938931
4736.162362
1770.992366
4742.647059
3223.776224
4736.162362
3344.444444
3344.444444
4747.232472
4741.697417
4747.232472
4811.808118
4747.232472
3177.935943
1770.992366
2347.864769
4834.572491
4742.647059
2347.864769
4816.849817
4045.454545
3827.526132
4708.791209
3177.935943
3355.555556
4811.808118
1770.992366
4708.791209
4003.663004
3886.925795
1770.992366
4811.808118
1770.992366
4003.663004
4736.162362
4736.162362
2784.644195
4708.791209
4726.102941
4811.808118
4726.102941
4822.222222
4811.808118
4741.697417
2347.864769
3743.103448
4708.791209
4045.454545
2417.938931
4781.818182
3177.935943
4742.647059
4797.04797
4717.948718
2784.644195
3355.555556
4781.818182
4708.791209
3355.555556
2417.938931
4030.909091
4717.948718
4792.279412
4781.818182
4045.454545
3223.776224
4741.697417
4822.222222
4742.647059
4741.697417
2417.938931
4792.279412
3355.555556
4708.791209
3355.555556
2784.644195
3223.776224
4726.102941
4717.948718
4708.791209
2417.938931
1770.992366
4822.878229
4003.663004
4736.162362
4741.697417
4822.878229
4726.102941
3355.555556
4556.737589
4741.697417
4741.697417
4797.04797
4736.162362
4741.697417
2417.938931
4816.849817
4736.162362
3223.776224
4003.663004
4708.791209
4736.162362
4781.818182
2784.644195
4741.697417
1770.992366
4726.102941
4003.663004
4741.697417
4742.647059
4717.948718
4851.351351
4811.808118
3355.555556
4741.697417
3177.935943
4726.102941
4736.162362
4781.818182
4708.791209
1770.992366
4708.791209
4853.281853
4708.791209
4816.849817
1770.992366
4822.878229
4717.948718
2417.938931
1770.992366
3223.776224
3223.776224
1770.992366
2417.938931
2784.644195
2417.938931
4717.948718
1770.992366
3344.444444
4742.647059
4741.697417
2347.864769
4811.808118
4717.948718
3355.555556
2784.644195
4726.102941
4708.791209
2784.644195
4811.808118
4045.454545
4811.808118
2417.938931
4045.454545
4726.102941
3223.776224
4811.808118
4741.697417
4726.102941
4717.948718
4742.647059
4717.948718
4792.279412
4708.791209
3223.776224
4741.697417
4736.162362
3355.555556
4792.279412
4822.222222
4557.761733
4741.697417
4811.808118
4736.162362
4811.808118
4708.791209
4856.589147
4781.818182
3344.444444
3344.444444
4822.222222
4811.808118
3355.555556
2417.938931
4708.791209
4708.791209
4742.647059
4726.102941
3355.555556
1770.992366
3344.444444
4747.232472
3886.925795
3223.776224
4742.647059
4811.808118
4736.162362
3344.444444
4045.454545
4717.948718
4003.663004
2347.864769
4736.162362
2347.864769
4797.04797
4708.791209
3223.776224
4726.102941
4747.232472
3344.444444
3177.935943
4747.232472
4030.909091
3223.776224
1770.992366
3177.935943
4742.647059
4708.791209
4708.791209
4792.279412
4741.697417
4567.857143
3355.555556
4742.647059
4030.909091
4717.948718
1770.992366
2784.644195
4708.791209
4741.697417
4741.697417
4030.909091
3355.555556
4851.351351
4822.222222
2784.644195
4834.572491
4747.232472
4003.663004
4797.04797
2347.864769
3344.444444
4792.279412
4834.572491
3743.103448
4708.791209
4781.818182
3223.776224
1770.992366
4003.663004
2347.864769
3827.526132
3355.555556
1770.992366
4736.162362
4736.162362
4742.647059
2347.864769
1770.992366
4797.04797
4742.647059
2347.864769
4811.808118
4726.102941
3943.462898
4003.663004
4781.818182
4781.818182
4792.279412
4822.878229
3223.776224
4742.647059
3355.555556
3355.555556
3943.462898
4747.232472
2347.864769
3177.935943
3355.555556
4717.948718
2417.938931
4822.878229
4567.857143
4708.791209
4742.647059
1770.992366
4816.849817
4742.647059
4747.232472
4736.162362
4736.162362
3355.555556
3223.776224
4747.232472
3177.935943
4792.279412
4003.663004
4792.279412
4708.791209
4811.808118
4747.232472
4736.162362
3223.776224
4726.102941
4717.948718
2417.938931
3355.555556
4736.162362
2347.864769
4811.808118
4822.222222
2347.864769
2417.938931
4742.647059
4741.697417
3344.444444
4742.647059
1770.992366
2784.644195
4717.948718
4045.454545
4726.102941
4822.878229
4742.647059
4717.948718
4726.102941
4045.454545
4742.647059
2347.864769
3344.444444
4003.663004
4742.647059
4717.948718
3177.935943
2347.864769
4736.162362
1770.992366
2417.938931
4726.102941
2347.864769
3355.555556
4726.102941
3827.526132
4736.162362
4708.791209
2347.864769
4717.948718
3223.776224
2417.938931
4708.791209
4003.663004
2417.938931
4003.663004
3223.776224
2417.938931
4736.162362
4797.04797
4736.162362
4717.948718
4822.222222
4848.076923
3223.776224
4045.454545
4792.279412
4792.279412
4736.162362
4726.102941
4822.222222
4792.279412
2347.864769
4741.697417
4717.948718
3886.925795
1770.992366
4742.647059
4045.454545
1770.992366
4003.663004
3355.555556
2417.938931
2784.644195
4708.791209
2347.864769
3344.444444
3344.444444
2784.644195
4045.454545
2417.938931
2784.644195
2784.644195
4742.647059
4736.162362
4003.663004
4811.808118
4003.663004
2784.644195
2347.864769
2417.938931
4736.162362
4792.279412
4045.454545
4781.818182
2784.644195
4708.791209
2417.938931
4708.791209
4822.222222
4717.948718
4717.948718
1770.992366
2784.644195
4726.102941
2347.864769
3223.776224
4822.222222
4030.909091
4834.572491
3344.444444
2417.938931
2417.938931
4741.697417
4717.948718
4781.818182
4797.04797
4797.04797
4747.232472
4747.232472
3223.776224
4816.849817
2347.864769
2417.938931
4726.102941
4792.279412
3344.444444
4726.102941
4781.818182
4747.232472
1770.992366
4717.948718
4045.454545
2347.864769
3344.444444
4797.04797
3223.776224
4717.948718
3344.444444
4797.04797
1770.992366
4792.279412
4741.697417
4792.279412
4717.948718
4742.647059
4742.647059
3355.555556
4822.222222
4003.663004
4726.102941
4726.102941
4736.162362
2347.864769
4045.454545
2417.938931
4045.454545
4717.948718
4030.909091
4747.232472
3943.462898
4708.791209
4792.279412
4569.395018
3886.925795
1770.992366
4726.102941
4747.232472
2417.938931
4797.04797
3223.776224
2784.644195
3177.935943
4708.791209
3743.103448
4742.647059
2417.938931
2784.644195
3223.776224
4792.279412
3223.776224
2784.644195
2417.938931
4045.454545
2784.644195
4797.04797
4708.791209
4797.04797
4781.818182
4736.162362
3355.555556
2784.644195
2347.864769
3355.555556
4736.162362
3344.444444
4708.791209
4741.697417
4742.647059
4742.647059
4726.102941
2417.938931
4742.647059
4736.162362
2417.938931
4030.909091
1770.992366
4726.102941
4003.663004
3886.925795
4822.222222
4708.791209
2784.644195
3344.444444
4726.102941
3344.444444
4736.162362
2417.938931
3177.935943
3344.444444
4045.454545
2417.938931
4030.909091
3355.555556
4726.102941
3355.555556
4747.232472
4736.162362
2417.938931
4030.909091
2417.938931
4717.948718
4708.791209
4811.808118
4741.697417
4834.572491
4736.162362
4834.572491
2417.938931
4717.948718
4781.818182
3177.935943
4717.948718
4708.791209
4741.697417
4736.162362
2784.644195
4708.791209
4726.102941
2784.644195
